ti              Di              dD/dt           ti+1            Di+1           
0,0000          0,0000          3,0000          0,1000          ,3000          
0,1000          0,3000          3,1000          0,2000          ,4100          
0,2000          0,4100          3,2000          0,3000          ,5200          
0,3000          0,5200          3,3000          0,4000          ,6300          
0,4000          0,6300          3,4000          0,5000          ,7400          
0,5000          0,7400          3,5000          0,6000          ,8500          
0,6000          0,8500          3,6000          0,7000          ,9600          
0,7000          0,9600          3,7000          0,8000          1,0700         
0,8000          1,0700          3,8000          0,9000          1,1800         
0,9000          1,1800          3,9000          1,0000          1,2900         
1,0000          1,2900          4,0000          1,1000          1,4000         
1,1000          1,4000          4,1000          1,2000          1,5100         
1,2000          1,5100          4,2000          1,3000          1,6200         
1,3000          1,6200          4,3000          1,4000          1,7300         
1,4000          1,7300          4,4000          1,5000          1,8400         
1,5000          1,8400          4,5000          1,6000          1,9500         
1,6000          1,9500          4,6000          1,7000          2,0600         
1,7000          2,0600          4,7000          1,8000          2,1700         
1,8000          2,1700          4,8000          1,9000          2,2800         
1,9000          2,2800          4,9000          2,0000          2,3900         
2,0000          2,3900          5,0000          2,1000          2,5000         
2,1000          2,5000          5,1000          2,2000          2,6100         
2,2000          2,6100          5,2000          2,3000          2,7200         
2,3000          2,7200          5,3000          2,4000          2,8300         
2,4000          2,8300          5,4000          2,5000          2,9400         
2,5000          2,9400          5,5000          2,6000          3,0500         
2,6000          3,0500          5,6000          2,7000          3,1600         
2,7000          3,1600          5,7000          2,8000          3,2700         
2,8000          3,2700          5,8000          2,9000          3,3800         
2,9000          3,3800          5,9000          3,0000          3,4900         
3,0000          3,4900          6,0000          3,1000          3,6000         
3,1000          3,6000          6,1000          3,2000          3,7100         
3,2000          3,7100          6,2000          3,3000          3,8200         
3,3000          3,8200          6,3000          3,4000          3,9300         
3,4000          3,9300          6,4000          3,5000          4,0400         
3,5000          4,0400          6,5000          3,6000          4,1500         
3,6000          4,1500          6,6000          3,7000          4,2600         
3,7000          4,2600          6,7000          3,8000          4,3700         
3,8000          4,3700          6,8000          3,9000          4,4800         
3,9000          4,4800          6,9000          4,0000          4,5900         
4,0000          4,5900          7,0000          4,1000          4,7000         
4,1000          4,7000          7,1000          4,2000          4,8100         
4,2000          4,8100          7,2000          4,3000          4,9200         
4,3000          4,9200          7,3000          4,4000          5,0300         
4,4000          5,0300          7,4000          4,5000          5,1400         
4,5000          5,1400          7,5000          4,6000          5,2500         
4,6000          5,2500          7,6000          4,7000          5,3600         
4,7000          5,3600          7,7000          4,8000          5,4700         
4,8000          5,4700          7,8000          4,9000          5,5800         
4,9000          5,5800          7,9000          5,0000          5,6900         
5,0000          5,6900          8,0000          5,1000          5,8000         
5,1000          5,8000          8,1000          5,2000          5,9100         
5,2000          5,9100          8,2000          5,3000          6,0200         
5,3000          6,0200          8,3000          5,4000          6,1300         
5,4000          6,1300          8,4000          5,5000          6,2400         
5,5000          6,2400          8,5000          5,6000          6,3500         
5,6000          6,3500          8,6000          5,7000          6,4600         
5,7000          6,4600          8,7000          5,8000          6,5700         
5,8000          6,5700          8,8000          5,9000          6,6800         
5,9000          6,6800          8,9000          6,0000          6,7900         
6,0000          6,7900          9,0000          6,1000          6,9000         
6,1000          6,9000          9,1000          6,2000          7,0100         
6,2000          7,0100          9,2000          6,3000          7,1200         
6,3000          7,1200          9,3000          6,4000          7,2300         
6,4000          7,2300          9,4000          6,5000          7,3400         
6,5000          7,3400          9,5000          6,6000          7,4500         
6,6000          7,4500          9,6000          6,7000          7,5600         
6,7000          7,5600          9,7000          6,8000          7,6700         
6,8000          7,6700          9,8000          6,9000          7,7800         
6,9000          7,7800          9,9000          7,0000          7,8900         
7,0000          7,8900          10,0000         7,1000          8,0000         
7,1000          8,0000          10,1000         7,2000          8,1100         
7,2000          8,1100          10,2000         7,3000          8,2200         
7,3000          8,2200          10,3000         7,4000          8,3300         
7,4000          8,3300          10,4000         7,5000          8,4400         
7,5000          8,4400          10,5000         7,6000          8,5500         
7,6000          8,5500          10,6000         7,7000          8,6600         
7,7000          8,6600          10,7000         7,8000          8,7700         
7,8000          8,7700          10,8000         7,9000          8,8800         
7,9000          8,8800          10,9000         8,0000          8,9900         
8,0000          8,9900          11,0000         8,1000          9,1000         
8,1000          9,1000          11,1000         8,2000          9,2100         
8,2000          9,2100          11,2000         8,3000          9,3200         
8,3000          9,3200          11,3000         8,4000          9,4300         
8,4000          9,4300          11,4000         8,5000          9,5400         
8,5000          9,5400          11,5000         8,6000          9,6500         
8,6000          9,6500          11,6000         8,7000          9,7600         
8,7000          9,7600          11,7000         8,8000          9,8700         
8,8000          9,8700          11,8000         8,9000          9,9800         
8,9000          9,9800          11,9000         9,0000          10,0900        
9,0000          10,0900         12,0000         9,1000          10,2000        
9,1000          10,2000         12,1000         9,2000          10,3100        
9,2000          10,3100         12,2000         9,3000          10,4200        
9,3000          10,4200         12,3000         9,4000          10,5300        
9,4000          10,5300         12,4000         9,5000          10,6400        
9,5000          10,6400         12,5000         9,6000          10,7500        
9,6000          10,7500         12,6000         9,7000          10,8600        
9,7000          10,8600         12,7000         9,8000          10,9700        
9,8000          10,9700         12,8000         9,9000          11,0800        
9,9000          11,0800         12,9000         10,0000         11,1900        
10,0000         11,1900         13,0000         10,1000         11,3000        
10,1000         11,3000         13,1000         10,2000         11,4100        
10,2000         11,4100         13,2000         10,3000         11,5200        
10,3000         11,5200         13,3000         10,4000         11,6300        
10,4000         11,6300         13,4000         10,5000         11,7400        
10,5000         11,7400         13,5000         10,6000         11,8500        
10,6000         11,8500         13,6000         10,7000         11,9600        
10,7000         11,9600         13,7000         10,8000         12,0700        
10,8000         12,0700         13,8000         10,9000         12,1800        
10,9000         12,1800         13,9000         11,0000         12,2900        
11,0000         12,2900         14,0000         11,1000         12,4000        
11,1000         12,4000         14,1000         11,2000         12,5100        
11,2000         12,5100         14,2000         11,3000         12,6200        
11,3000         12,6200         14,3000         11,4000         12,7300        
11,4000         12,7300         14,4000         11,5000         12,8400        
11,5000         12,8400         14,5000         11,6000         12,9500        
11,6000         12,9500         14,6000         11,7000         13,0600        
11,7000         13,0600         14,7000         11,8000         13,1700        
11,8000         13,1700         14,8000         11,9000         13,2800        
11,9000         13,2800         14,9000         12,0000         13,3900        
12,0000         13,3900         15,0000         12,1000         13,5000        
12,1000         13,5000         15,1000         12,2000         13,6100        
12,2000         13,6100         15,2000         12,3000         13,7200        
12,3000         13,7200         15,3000         12,4000         13,8300        
12,4000         13,8300         15,4000         12,5000         13,9400        
12,5000         13,9400         15,5000         12,6000         14,0500        
12,6000         14,0500         15,6000         12,7000         14,1600        
12,7000         14,1600         15,7000         12,8000         14,2700        
12,8000         14,2700         15,8000         12,9000         14,3800        
12,9000         14,3800         15,9000         13,0000         14,4900        
13,0000         14,4900         16,0000         13,1000         14,6000        
13,1000         14,6000         16,1000         13,2000         14,7100        
13,2000         14,7100         16,2000         13,3000         14,8200        
13,3000         14,8200         16,3000         13,4000         14,9300        
13,4000         14,9300         16,4000         13,5000         15,0400        
13,5000         15,0400         16,5000         13,6000         15,1500        
13,6000         15,1500         16,6000         13,7000         15,2600        
13,7000         15,2600         16,7000         13,8000         15,3700        
13,8000         15,3700         16,8000         13,9000         15,4800        
13,9000         15,4800         16,9000         14,0000         15,5900        
14,0000         15,5900         17,0000         14,1000         15,7000        
14,1000         15,7000         17,1000         14,2000         15,8100        
14,2000         15,8100         17,2000         14,3000         15,9200        
14,3000         15,9200         17,3000         14,4000         16,0300        
14,4000         16,0300         17,4000         14,5000         16,1400        
14,5000         16,1400         17,5000         14,6000         16,2500        
14,6000         16,2500         17,6000         14,7000         16,3600        
14,7000         16,3600         17,7000         14,8000         16,4700        
14,8000         16,4700         17,8000         14,9000         16,5800        
14,9000         16,5800         17,9000         15,0000         16,6900        
15,0000         16,6900         18,0000         15,1000         16,8000        
15,1000         16,8000         18,1000         15,2000         16,9100        
15,2000         16,9100         18,2000         15,3000         17,0200        
15,3000         17,0200         18,3000         15,4000         17,1300        
15,4000         17,1300         18,4000         15,5000         17,2400        
15,5000         17,2400         18,5000         15,6000         17,3500        
15,6000         17,3500         18,6000         15,7000         17,4600        
15,7000         17,4600         18,7000         15,8000         17,5700        
15,8000         17,5700         18,8000         15,9000         17,6800        
15,9000         17,6800         18,9000         16,0000         17,7900        
16,0000         17,7900         19,0000         16,1000         17,9000        
16,1000         17,9000         19,1000         16,2000         18,0100        
16,2000         18,0100         19,2000         16,3000         18,1200        
16,3000         18,1200         19,3000         16,4000         18,2300        
16,4000         18,2300         19,4000         16,5000         18,3400        
16,5000         18,3400         19,5000         16,6000         18,4500        
16,6000         18,4500         19,6000         16,7000         18,5600        
16,7000         18,5600         19,7000         16,8000         18,6700        
16,8000         18,6700         19,8000         16,9000         18,7800        
16,9000         18,7800         19,9000         17,0000         18,8900        
17,0000         18,8900         20,0000         17,1000         19,0000        
17,1000         19,0000         20,1000         17,2000         19,1100        
17,2000         19,1100         20,2000         17,3000         19,2200        
17,3000         19,2200         20,3000         17,4000         19,3300        
17,4000         19,3300         20,4000         17,5000         19,4400        
17,5000         19,4400         20,5000         17,6000         19,5500        
17,6000         19,5500         20,6000         17,7000         19,6600        
17,7000         19,6600         20,7000         17,8000         19,7700        
17,8000         19,7700         20,8000         17,9000         19,8800        
17,9000         19,8800         20,9000         18,0000         19,9900        
18,0000         19,9900         21,0000         18,1000         20,1000        
18,1000         20,1000         21,1000         18,2000         20,2100        
18,2000         20,2100         21,2000         18,3000         20,3200        
18,3000         20,3200         21,3000         18,4000         20,4300        
18,4000         20,4300         21,4000         18,5000         20,5400        
18,5000         20,5400         21,5000         18,6000         20,6500        
18,6000         20,6500         21,6000         18,7000         20,7600        
18,7000         20,7600         21,7000         18,8000         20,8700        
18,8000         20,8700         21,8000         18,9000         20,9800        
18,9000         20,9800         21,9000         19,0000         21,0900        
19,0000         21,0900         22,0000         19,1000         21,2000        
19,1000         21,2000         22,1000         19,2000         21,3100        
19,2000         21,3100         22,2000         19,3000         21,4200        
19,3000         21,4200         22,3000         19,4000         21,5300        
19,4000         21,5300         22,4000         19,5000         21,6400        
19,5000         21,6400         22,5000         19,6000         21,7500        
19,6000         21,7500         22,6000         19,7000         21,8600        
19,7000         21,8600         22,7000         19,8000         21,9700        
19,8000         21,9700         22,8000         19,9000         22,0800        
19,9000         22,0800         22,9000         20,0000         22,1900        
20,0000         22,1900         23,0000         20,1000         22,3000        
20,1000         22,3000         23,1000         20,2000         22,4100        
20,2000         22,4100         23,2000         20,3000         22,5200        
20,3000         22,5200         23,3000         20,4000         22,6300        
20,4000         22,6300         23,4000         20,5000         22,7400        
20,5000         22,7400         23,5000         20,6000         22,8500        
20,6000         22,8500         23,6000         20,7000         22,9600        
20,7000         22,9600         23,7000         20,8000         23,0700        
20,8000         23,0700         23,8000         20,9000         23,1800        
20,9000         23,1800         23,9000         21,0000         23,2900        
21,0000         23,2900         24,0000         21,1000         23,4000        
21,1000         23,4000         24,1000         21,2000         23,5100        
21,2000         23,5100         24,2000         21,3000         23,6200        
21,3000         23,6200         24,3000         21,4000         23,7300        
21,4000         23,7300         24,4000         21,5000         23,8400        
21,5000         23,8400         24,5000         21,6000         23,9500        
21,6000         23,9500         24,6000         21,7000         24,0600        
21,7000         24,0600         24,7000         21,8000         24,1700        
21,8000         24,1700         24,8000         21,9000         24,2800        
21,9000         24,2800         24,9000         22,0000         24,3900        
22,0000         24,3900         25,0000         22,1000         24,5000        
22,1000         24,5000         25,1000         22,2000         24,6100        
22,2000         24,6100         25,2000         22,3000         24,7200        
22,3000         24,7200         25,3000         22,4000         24,8300        
22,4000         24,8300         25,4000         22,5000         24,9400        
22,5000         24,9400         25,5000         22,6000         25,0500        
22,6000         25,0500         25,6000         22,7000         25,1600        
22,7000         25,1600         25,7000         22,8000         25,2700        
22,8000         25,2700         25,8000         22,9000         25,3800        
22,9000         25,3800         25,9000         23,0000         25,4900        
23,0000         25,4900         26,0000         23,1000         25,6000        
23,1000         25,6000         26,1000         23,2000         25,7100        
23,2000         25,7100         26,2000         23,3000         25,8200        
23,3000         25,8200         26,3000         23,4000         25,9300        
23,4000         25,9300         26,4000         23,5000         26,0400        
23,5000         26,0400         26,5000         23,6000         26,1500        
23,6000         26,1500         26,6000         23,7000         26,2600        
23,7000         26,2600         26,7000         23,8000         26,3700        
23,8000         26,3700         26,8000         23,9000         26,4800        
23,9000         26,4800         26,9000         24,0000         26,5900        
24,0000         26,5900         27,0000         24,1000         26,7000        
24,1000         26,7000         27,1000         24,2000         26,8100        
24,2000         26,8100         27,2000         24,3000         26,9200        
24,3000         26,9200         27,3000         24,4000         27,0300        
24,4000         27,0300         27,4000         24,5000         27,1400        
24,5000         27,1400         27,5000         24,6000         27,2500        
24,6000         27,2500         27,6000         24,7000         27,3600        
24,7000         27,3600         27,7000         24,8000         27,4700        
24,8000         27,4700         27,8000         24,9000         27,5800        
24,9000         27,5800         27,9000         25,0000         27,6900        
25,0000         27,6900         28,0000         25,1000         27,8000        
25,1000         27,8000         28,1000         25,2000         27,9100        
25,2000         27,9100         28,2000         25,3000         28,0200        
25,3000         28,0200         28,3000         25,4000         28,1300        
25,4000         28,1300         28,4000         25,5000         28,2400        
25,5000         28,2400         28,5000         25,6000         28,3500        
25,6000         28,3500         28,6000         25,7000         28,4600        
25,7000         28,4600         28,7000         25,8000         28,5700        
25,8000         28,5700         28,8000         25,9000         28,6800        
25,9000         28,6800         28,9000         26,0000         28,7900        
26,0000         28,7900         29,0000         26,1000         28,9000        
26,1000         28,9000         29,1000         26,2000         29,0100        
26,2000         29,0100         29,2000         26,3000         29,1200        
26,3000         29,1200         29,3000         26,4000         29,2300        
26,4000         29,2300         29,4000         26,5000         29,3400        
26,5000         29,3400         29,5000         26,6000         29,4500        
26,6000         29,4500         29,6000         26,7000         29,5600        
26,7000         29,5600         29,7000         26,8000         29,6700        
26,8000         29,6700         29,8000         26,9000         29,7800        
26,9000         29,7800         29,9000         27,0000         29,8900        
27,0000         29,8900         30,0000         27,1000         30,0000        
27,1000         30,0000         30,1000         27,2000         30,1100        
27,2000         30,1100         30,2000         27,3000         30,2200        
27,3000         30,2200         30,3000         27,4000         30,3300        
27,4000         30,3300         30,4000         27,5000         30,4400        
27,5000         30,4400         30,5000         27,6000         30,5500        
27,6000         30,5500         30,6000         27,7000         30,6600        
27,7000         30,6600         30,7000         27,8000         30,7700        
27,8000         30,7700         30,8000         27,9000         30,8800        
27,9000         30,8800         30,9000         28,0000         30,9900        
28,0000         30,9900         31,0000         28,1000         31,1000        
28,1000         31,1000         31,1000         28,2000         31,2100        
28,2000         31,2100         31,2000         28,3000         31,3200        
28,3000         31,3200         31,3000         28,4000         31,4300        
28,4000         31,4300         31,4000         28,5000         31,5400        
28,5000         31,5400         31,5000         28,6000         31,6500        
28,6000         31,6500         31,6000         28,7000         31,7600        
28,7000         31,7600         31,7000         28,8000         31,8700        
28,8000         31,8700         31,8000         28,9000         31,9800        
28,9000         31,9800         31,9000         29,0000         32,0900        
29,0000         32,0900         32,0000         29,1000         32,2000        
29,1000         32,2000         32,1000         29,2000         32,3100        
29,2000         32,3100         32,2000         29,3000         32,4200        
29,3000         32,4200         32,3000         29,4000         32,5300        
29,4000         32,5300         32,4000         29,5000         32,6400        
29,5000         32,6400         32,5000         29,6000         32,7500        
29,6000         32,7500         32,6000         29,7000         32,8600        
29,7000         32,8600         32,7000         29,8000         32,9700        
29,8000         32,9700         32,8000         29,9000         33,0800        
29,9000         33,0800         32,9000         30,0000         33,1900        
30,0000         33,1900         33,0000         30,1000         33,3000        
30,1000         33,3000         33,1000         30,2000         33,4100        
30,2000         33,4100         33,2000         30,3000         33,5200        
30,3000         33,5200         33,3000         30,4000         33,6300        
30,4000         33,6300         33,4000         30,5000         33,7400        
30,5000         33,7400         33,5000         30,6000         33,8500        
30,6000         33,8500         33,6000         30,7000         33,9600        
30,7000         33,9600         33,7000         30,8000         34,0700        
30,8000         34,0700         33,8000         30,9000         34,1800        
30,9000         34,1800         33,9000         31,0000         34,2900        
31,0000         34,2900         34,0000         31,1000         34,4000        
31,1000         34,4000         34,1000         31,2000         34,5100        
31,2000         34,5100         34,2000         31,3000         34,6200        
31,3000         34,6200         34,3000         31,4000         34,7300        
31,4000         34,7300         34,4000         31,5000         34,8400        
31,5000         34,8400         34,5000         31,6000         34,9500        
31,6000         34,9500         34,6000         31,7000         35,0600        
31,7000         35,0600         34,7000         31,8000         35,1700        
31,8000         35,1700         34,8000         31,9000         35,2800        
31,9000         35,2800         34,9000         32,0000         35,3900        
32,0000         35,3900         35,0000         32,1000         35,5000        
32,1000         35,5000         35,1000         32,2000         35,6100        
32,2000         35,6100         35,2000         32,3000         35,7200        
32,3000         35,7200         35,3000         32,4000         35,8300        
32,4000         35,8300         35,4000         32,5000         35,9400        
32,5000         35,9400         35,5000         32,6000         36,0500        
32,6000         36,0500         35,6000         32,7000         36,1600        
32,7000         36,1600         35,7000         32,8000         36,2700        
32,8000         36,2700         35,8000         32,9000         36,3800        
32,9000         36,3800         35,9000         33,0000         36,4900        
33,0000         36,4900         36,0000         33,1000         36,6000        
33,1000         36,6000         36,1000         33,2000         36,7100        
33,2000         36,7100         36,2000         33,3000         36,8200        
33,3000         36,8200         36,3000         33,4000         36,9300        
33,4000         36,9300         36,4000         33,5000         37,0400        
33,5000         37,0400         36,5000         33,6000         37,1500        
33,6000         37,1500         36,6000         33,7000         37,2600        
33,7000         37,2600         36,7000         33,8000         37,3700        
33,8000         37,3700         36,8000         33,9000         37,4800        
33,9000         37,4800         36,9000         34,0000         37,5900        
34,0000         37,5900         37,0000         34,1000         37,7000        
34,1000         37,7000         37,1000         34,2000         37,8100        
34,2000         37,8100         37,2000         34,3000         37,9200        
34,3000         37,9200         37,3000         34,4000         38,0300        
34,4000         38,0300         37,4000         34,5000         38,1400        
34,5000         38,1400         37,5000         34,6000         38,2500        
34,6000         38,2500         37,6000         34,7000         38,3600        
34,7000         38,3600         37,7000         34,8000         38,4700        
34,8000         38,4700         37,8000         34,9000         38,5800        
34,9000         38,5800         37,9000         35,0000         38,6900        
35,0000         38,6900         38,0000         35,1000         38,8000        
35,1000         38,8000         38,1000         35,2000         38,9100        
35,2000         38,9100         38,2000         35,3000         39,0200        
35,3000         39,0200         38,3000         35,4000         39,1300        
35,4000         39,1300         38,4000         35,5000         39,2400        
35,5000         39,2400         38,5000         35,6000         39,3500        
35,6000         39,3500         38,6000         35,7000         39,4600        
35,7000         39,4600         38,7000         35,8000         39,5700        
35,8000         39,5700         38,8000         35,9000         39,6800        
35,9000         39,6800         38,9000         36,0000         39,7900        
36,0000         39,7900         39,0000         36,1000         39,9000        
36,1000         39,9000         39,1000         36,2000         40,0100        
36,2000         40,0100         39,2000         36,3000         40,1200        
36,3000         40,1200         39,3000         36,4000         40,2300        
36,4000         40,2300         39,4000         36,5000         40,3400        
36,5000         40,3400         39,5000         36,6000         40,4500        
36,6000         40,4500         39,6000         36,7000         40,5600        
36,7000         40,5600         39,7000         36,8000         40,6700        
36,8000         40,6700         39,8000         36,9000         40,7800        
36,9000         40,7800         39,9000         37,0000         40,8900        
37,0000         40,8900         40,0000         37,1000         41,0000        
37,1000         41,0000         40,1000         37,2000         41,1100        
37,2000         41,1100         40,2000         37,3000         41,2200        
37,3000         41,2200         40,3000         37,4000         41,3300        
37,4000         41,3300         40,4000         37,5000         41,4400        
37,5000         41,4400         40,5000         37,6000         41,5500        
37,6000         41,5500         40,6000         37,7000         41,6600        
37,7000         41,6600         40,7000         37,8000         41,7700        
37,8000         41,7700         40,8000         37,9000         41,8800        
37,9000         41,8800         40,9000         38,0000         41,9900        
38,0000         41,9900         41,0000         38,1000         42,1000        
38,1000         42,1000         41,1000         38,2000         42,2100        
38,2000         42,2100         41,2000         38,3000         42,3200        
38,3000         42,3200         41,3000         38,4000         42,4300        
38,4000         42,4300         41,4000         38,5000         42,5400        
38,5000         42,5400         41,5000         38,6000         42,6500        
38,6000         42,6500         41,6000         38,7000         42,7600        
38,7000         42,7600         41,7000         38,8000         42,8700        
38,8000         42,8700         41,8000         38,9000         42,9800        
38,9000         42,9800         41,9000         39,0000         43,0900        
39,0000         43,0900         42,0000         39,1000         43,2000        
39,1000         43,2000         42,1000         39,2000         43,3100        
39,2000         43,3100         42,2000         39,3000         43,4200        
39,3000         43,4200         42,3000         39,4000         43,5300        
39,4000         43,5300         42,4000         39,5000         43,6400        
39,5000         43,6400         42,5000         39,6000         43,7500        
39,6000         43,7500         42,6000         39,7000         43,8600        
39,7000         43,8600         42,7000         39,8000         43,9700        
39,8000         43,9700         42,8000         39,9000         44,0800        
39,9000         44,0800         42,9000         40,0000         44,1900        
40,0000         44,1900         43,0000         40,1000         44,3000        
40,1000         44,3000         43,1000         40,2000         44,4100        
40,2000         44,4100         43,2000         40,3000         44,5200        
40,3000         44,5200         43,3000         40,4000         44,6300        
40,4000         44,6300         43,4000         40,5000         44,7400        
40,5000         44,7400         43,5000         40,6000         44,8500        
40,6000         44,8500         43,6000         40,7000         44,9600        
40,7000         44,9600         43,7000         40,8000         45,0700        
40,8000         45,0700         43,8000         40,9000         45,1800        
40,9000         45,1800         43,9000         41,0000         45,2900        
41,0000         45,2900         44,0000         41,1000         45,4000        
41,1000         45,4000         44,1000         41,2000         45,5100        
41,2000         45,5100         44,2000         41,3000         45,6200        
41,3000         45,6200         44,3000         41,4000         45,7300        
41,4000         45,7300         44,4000         41,5000         45,8400        
41,5000         45,8400         44,5000         41,6000         45,9500        
41,6000         45,9500         44,6000         41,7000         46,0600        
41,7000         46,0600         44,7000         41,8000         46,1700        
41,8000         46,1700         44,8000         41,9000         46,2800        
41,9000         46,2800         44,9000         42,0000         46,3900        
42,0000         46,3900         45,0000         42,1000         46,5000        
42,1000         46,5000         45,1000         42,2000         46,6100        
42,2000         46,6100         45,2000         42,3000         46,7200        
42,3000         46,7200         45,3000         42,4000         46,8300        
42,4000         46,8300         45,4000         42,5000         46,9400        
42,5000         46,9400         45,5000         42,6000         47,0500        
42,6000         47,0500         45,6000         42,7000         47,1600        
42,7000         47,1600         45,7000         42,8000         47,2700        
42,8000         47,2700         45,8000         42,9000         47,3800        
42,9000         47,3800         45,9000         43,0000         47,4900        
43,0000         47,4900         46,0000         43,1000         47,6000        
43,1000         47,6000         46,1000         43,2000         47,7100        
43,2000         47,7100         46,2000         43,3000         47,8200        
43,3000         47,8200         46,3000         43,4000         47,9300        
43,4000         47,9300         46,4000         43,5000         48,0400        
43,5000         48,0400         46,5000         43,6000         48,1500        
43,6000         48,1500         46,6000         43,7000         48,2600        
43,7000         48,2600         46,7000         43,8000         48,3700        
43,8000         48,3700         46,8000         43,9000         48,4800        
43,9000         48,4800         46,9000         44,0000         48,5900        
44,0000         48,5900         47,0000         44,1000         48,7000        
44,1000         48,7000         47,1000         44,2000         48,8100        
44,2000         48,8100         47,2000         44,3000         48,9200        
44,3000         48,9200         47,3000         44,4000         49,0300        
44,4000         49,0300         47,4000         44,5000         49,1400        
44,5000         49,1400         47,5000         44,6000         49,2500        
44,6000         49,2500         47,6000         44,7000         49,3600        
44,7000         49,3600         47,7000         44,8000         49,4700        
44,8000         49,4700         47,8000         44,9000         49,5800        
44,9000         49,5800         47,9000         45,0000         49,6900        
45,0000         49,6900         48,0000         45,1000         49,8000        
45,1000         49,8000         48,1000         45,2000         49,9100        
45,2000         49,9100         48,2000         45,3000         50,0200        
45,3000         50,0200         48,3000         45,4000         50,1300        
45,4000         50,1300         48,4000         45,5000         50,2400        
45,5000         50,2400         48,5000         45,6000         50,3500        
45,6000         50,3500         48,6000         45,7000         50,4600        
45,7000         50,4600         48,7000         45,8000         50,5700        
45,8000         50,5700         48,8000         45,9000         50,6800        
45,9000         50,6800         48,9000         46,0000         50,7900        
46,0000         50,7900         49,0000         46,1000         50,9000        
46,1000         50,9000         49,1000         46,2000         51,0100        
46,2000         51,0100         49,2000         46,3000         51,1200        
46,3000         51,1200         49,3000         46,4000         51,2300        
46,4000         51,2300         49,4000         46,5000         51,3400        
46,5000         51,3400         49,5000         46,6000         51,4500        
46,6000         51,4500         49,6000         46,7000         51,5600        
46,7000         51,5600         49,7000         46,8000         51,6700        
46,8000         51,6700         49,8000         46,9000         51,7800        
46,9000         51,7800         49,9000         47,0000         51,8900        
47,0000         51,8900         50,0000         47,1000         52,0000        
47,1000         52,0000         50,1000         47,2000         52,1100        
47,2000         52,1100         50,2000         47,3000         52,2200        
47,3000         52,2200         50,3000         47,4000         52,3300        
47,4000         52,3300         50,4000         47,5000         52,4400        
47,5000         52,4400         50,5000         47,6000         52,5500        
47,6000         52,5500         50,6000         47,7000         52,6600        
47,7000         52,6600         50,7000         47,8000         52,7700        
47,8000         52,7700         50,8000         47,9000         52,8800        
47,9000         52,8800         50,9000         48,0000         52,9900        
48,0000         52,9900         51,0000         48,1000         53,1000        
48,1000         53,1000         51,1000         48,2000         53,2100        
48,2000         53,2100         51,2000         48,3000         53,3200        
48,3000         53,3200         51,3000         48,4000         53,4300        
48,4000         53,4300         51,4000         48,5000         53,5400        
48,5000         53,5400         51,5000         48,6000         53,6500        
48,6000         53,6500         51,6000         48,7000         53,7600        
48,7000         53,7600         51,7000         48,8000         53,8700        
48,8000         53,8700         51,8000         48,9000         53,9800        
48,9000         53,9800         51,9000         49,0000         54,0900        
49,0000         54,0900         52,0000         49,1000         54,2000        
49,1000         54,2000         52,1000         49,2000         54,3100        
49,2000         54,3100         52,2000         49,3000         54,4200        
49,3000         54,4200         52,3000         49,4000         54,5300        
49,4000         54,5300         52,4000         49,5000         54,6400        
49,5000         54,6400         52,5000         49,6000         54,7500        
49,6000         54,7500         52,6000         49,7000         54,8600        
49,7000         54,8600         52,7000         49,8000         54,9700        
49,8000         54,9700         52,8000         49,9000         55,0800        
49,9000         55,0800         52,9000         50,0000         55,1900        
50,0000         55,1900         53,0000         50,1000         55,3000        
50,1000         55,3000         53,1000         50,2000         55,4100        
50,2000         55,4100         53,2000         50,3000         55,5200        
50,3000         55,5200         53,3000         50,4000         55,6300        
50,4000         55,6300         53,4000         50,5000         55,7400        
50,5000         55,7400         53,5000         50,6000         55,8500        
50,6000         55,8500         53,6000         50,7000         55,9600        
50,7000         55,9600         53,7000         50,8000         56,0700        
50,8000         56,0700         53,8000         50,9000         56,1800        
50,9000         56,1800         53,9000         51,0000         56,2900        
51,0000         56,2900         54,0000         51,1000         56,4000        
51,1000         56,4000         54,1000         51,2000         56,5100        
51,2000         56,5100         54,2000         51,3000         56,6200        
51,3000         56,6200         54,3000         51,4000         56,7300        
51,4000         56,7300         54,4000         51,5000         56,8400        
51,5000         56,8400         54,5000         51,6000         56,9500        
51,6000         56,9500         54,6000         51,7000         57,0600        
51,7000         57,0600         54,7000         51,8000         57,1700        
51,8000         57,1700         54,8000         51,9000         57,2800        
51,9000         57,2800         54,9000         52,0000         57,3900        
52,0000         57,3900         55,0000         52,1000         57,5000        
52,1000         57,5000         55,1000         52,2000         57,6100        
52,2000         57,6100         55,2000         52,3000         57,7200        
52,3000         57,7200         55,3000         52,4000         57,8300        
52,4000         57,8300         55,4000         52,5000         57,9400        
52,5000         57,9400         55,5000         52,6000         58,0500        
52,6000         58,0500         55,6000         52,7000         58,1600        
52,7000         58,1600         55,7000         52,8000         58,2700        
52,8000         58,2700         55,8000         52,9000         58,3800        
52,9000         58,3800         55,9000         53,0000         58,4900        
53,0000         58,4900         56,0000         53,1000         58,6000        
53,1000         58,6000         56,1000         53,2000         58,7100        
53,2000         58,7100         56,2000         53,3000         58,8200        
53,3000         58,8200         56,3000         53,4000         58,9300        
53,4000         58,9300         56,4000         53,5000         59,0400        
53,5000         59,0400         56,5000         53,6000         59,1500        
53,6000         59,1500         56,6000         53,7000         59,2600        
53,7000         59,2600         56,7000         53,8000         59,3700        
53,8000         59,3700         56,8000         53,9000         59,4800        
53,9000         59,4800         56,9000         54,0000         59,5900        
54,0000         59,5900         57,0000         54,1000         59,7000        
54,1000         59,7000         57,1000         54,2000         59,8100        
54,2000         59,8100         57,2000         54,3000         59,9200        
54,3000         59,9200         57,3000         54,4000         60,0300        
54,4000         60,0300         57,4000         54,5000         60,1400        
54,5000         60,1400         57,5000         54,6000         60,2500        
54,6000         60,2500         57,6000         54,7000         60,3600        
54,7000         60,3600         57,7000         54,8000         60,4700        
54,8000         60,4700         57,8000         54,9000         60,5800        
54,9000         60,5800         57,9000         55,0000         60,6900        
55,0000         60,6900         58,0000         55,1000         60,8000        
55,1000         60,8000         58,1000         55,2000         60,9100        
55,2000         60,9100         58,2000         55,3000         61,0200        
55,3000         61,0200         58,3000         55,4000         61,1300        
55,4000         61,1300         58,4000         55,5000         61,2400        
55,5000         61,2400         58,5000         55,6000         61,3500        
55,6000         61,3500         58,6000         55,7000         61,4600        
55,7000         61,4600         58,7000         55,8000         61,5700        
55,8000         61,5700         58,8000         55,9000         61,6800        
55,9000         61,6800         58,9000         56,0000         61,7900        
56,0000         61,7900         59,0000         56,1000         61,9000        
56,1000         61,9000         59,1000         56,2000         62,0100        
56,2000         62,0100         59,2000         56,3000         62,1200        
56,3000         62,1200         59,3000         56,4000         62,2300        
56,4000         62,2300         59,4000         56,5000         62,3400        
56,5000         62,3400         59,5000         56,6000         62,4500        
56,6000         62,4500         59,6000         56,7000         62,5600        
56,7000         62,5600         59,7000         56,8000         62,6700        
56,8000         62,6700         59,8000         56,9000         62,7800        
56,9000         62,7800         59,9000         57,0000         62,8900        
57,0000         62,8900         60,0000         57,1000         63,0000        
57,1000         63,0000         60,1000         57,2000         63,1100        
57,2000         63,1100         60,2000         57,3000         63,2200        
57,3000         63,2200         60,3000         57,4000         63,3300        
57,4000         63,3300         60,4000         57,5000         63,4400        
57,5000         63,4400         60,5000         57,6000         63,5500        
57,6000         63,5500         60,6000         57,7000         63,6600        
57,7000         63,6600         60,7000         57,8000         63,7700        
57,8000         63,7700         60,8000         57,9000         63,8800        
57,9000         63,8800         60,9000         58,0000         63,9900        
58,0000         63,9900         61,0000         58,1000         64,1000        
58,1000         64,1000         61,1000         58,2000         64,2100        
58,2000         64,2100         61,2000         58,3000         64,3200        
58,3000         64,3200         61,3000         58,4000         64,4300        
58,4000         64,4300         61,4000         58,5000         64,5400        
58,5000         64,5400         61,5000         58,6000         64,6500        
58,6000         64,6500         61,6000         58,7000         64,7600        
58,7000         64,7600         61,7000         58,8000         64,8700        
58,8000         64,8700         61,8000         58,9000         64,9800        
58,9000         64,9800         61,9000         59,0000         65,0900        
59,0000         65,0900         62,0000         59,1000         65,2000        
59,1000         65,2000         62,1000         59,2000         65,3100        
59,2000         65,3100         62,2000         59,3000         65,4200        
59,3000         65,4200         62,3000         59,4000         65,5300        
59,4000         65,5300         62,4000         59,5000         65,6400        
59,5000         65,6400         62,5000         59,6000         65,7500        
59,6000         65,7500         62,6000         59,7000         65,8600        
59,7000         65,8600         62,7000         59,8000         65,9700        
59,8000         65,9700         62,8000         59,9000         66,0800        
59,9000         66,0800         62,9000         60,0000         66,1900        
60,0000         66,1900         63,0000         60,1000         66,3000        
60,1000         66,3000         63,1000         60,2000         66,4100        
60,2000         66,4100         63,2000         60,3000         66,5200        
60,3000         66,5200         63,3000         60,4000         66,6300        
60,4000         66,6300         63,4000         60,5000         66,7400        
60,5000         66,7400         63,5000         60,6000         66,8500        
60,6000         66,8500         63,6000         60,7000         66,9600        
60,7000         66,9600         63,7000         60,8000         67,0700        
60,8000         67,0700         63,8000         60,9000         67,1800        
60,9000         67,1800         63,9000         61,0000         67,2900        
61,0000         67,2900         64,0000         61,1000         67,4000        
61,1000         67,4000         64,1000         61,2000         67,5100        
61,2000         67,5100         64,2000         61,3000         67,6200        
61,3000         67,6200         64,3000         61,4000         67,7300        
61,4000         67,7300         64,4000         61,5000         67,8400        
61,5000         67,8400         64,5000         61,6000         67,9500        
61,6000         67,9500         64,6000         61,7000         68,0600        
61,7000         68,0600         64,7000         61,8000         68,1700        
61,8000         68,1700         64,8000         61,9000         68,2800        
61,9000         68,2800         64,9000         62,0000         68,3900        
62,0000         68,3900         65,0000         62,1000         68,5000        
62,1000         68,5000         65,1000         62,2000         68,6100        
62,2000         68,6100         65,2000         62,3000         68,7200        
62,3000         68,7200         65,3000         62,4000         68,8300        
62,4000         68,8300         65,4000         62,5000         68,9400        
62,5000         68,9400         65,5000         62,6000         69,0500        
62,6000         69,0500         65,6000         62,7000         69,1600        
62,7000         69,1600         65,7000         62,8000         69,2700        
62,8000         69,2700         65,8000         62,9000         69,3800        
62,9000         69,3800         65,9000         63,0000         69,4900        
63,0000         69,4900         66,0000         63,1000         69,6000        
63,1000         69,6000         66,1000         63,2000         69,7100        
63,2000         69,7100         66,2000         63,3000         69,8200        
63,3000         69,8200         66,3000         63,4000         69,9300        
63,4000         69,9300         66,4000         63,5000         70,0400        
63,5000         70,0400         66,5000         63,6000         70,1500        
63,6000         70,1500         66,6000         63,7000         70,2600        
63,7000         70,2600         66,7000         63,8000         70,3700        
63,8000         70,3700         66,8000         63,9000         70,4800        
63,9000         70,4800         66,9000         64,0000         70,5900        
64,0000         70,5900         67,0000         64,1000         70,7000        
64,1000         70,7000         67,1000         64,2000         70,8100        
64,2000         70,8100         67,2000         64,3000         70,9200        
64,3000         70,9200         67,3000         64,4000         71,0300        
64,4000         71,0300         67,4000         64,5000         71,1400        
64,5000         71,1400         67,5000         64,6000         71,2500        
64,6000         71,2500         67,6000         64,7000         71,3600        
64,7000         71,3600         67,7000         64,8000         71,4700        
64,8000         71,4700         67,8000         64,9000         71,5800        
64,9000         71,5800         67,9000         65,0000         71,6900        
65,0000         71,6900         68,0000         65,1000         71,8000        
65,1000         71,8000         68,1000         65,2000         71,9100        
65,2000         71,9100         68,2000         65,3000         72,0200        
65,3000         72,0200         68,3000         65,4000         72,1300        
65,4000         72,1300         68,4000         65,5000         72,2400        
65,5000         72,2400         68,5000         65,6000         72,3500        
65,6000         72,3500         68,6000         65,7000         72,4600        
65,7000         72,4600         68,7000         65,8000         72,5700        
65,8000         72,5700         68,8000         65,9000         72,6800        
65,9000         72,6800         68,9000         66,0000         72,7900        
66,0000         72,7900         69,0000         66,1000         72,9000        
66,1000         72,9000         69,1000         66,2000         73,0100        
66,2000         73,0100         69,2000         66,3000         73,1200        
66,3000         73,1200         69,3000         66,4000         73,2300        
66,4000         73,2300         69,4000         66,5000         73,3400        
66,5000         73,3400         69,5000         66,6000         73,4500        
66,6000         73,4500         69,6000         66,7000         73,5600        
66,7000         73,5600         69,7000         66,8000         73,6700        
66,8000         73,6700         69,8000         66,9000         73,7800        
66,9000         73,7800         69,9000         67,0000         73,8900        
67,0000         73,8900         70,0000         67,1000         74,0000        
67,1000         74,0000         70,1000         67,2000         74,1100        
67,2000         74,1100         70,2000         67,3000         74,2200        
67,3000         74,2200         70,3000         67,4000         74,3300        
67,4000         74,3300         70,4000         67,5000         74,4400        
67,5000         74,4400         70,5000         67,6000         74,5500        
67,6000         74,5500         70,6000         67,7000         74,6600        
67,7000         74,6600         70,7000         67,8000         74,7700        
67,8000         74,7700         70,8000         67,9000         74,8800        
67,9000         74,8800         70,9000         68,0000         74,9900        
68,0000         74,9900         71,0000         68,1000         75,1000        
68,1000         75,1000         71,1000         68,2000         75,2100        
68,2000         75,2100         71,2000         68,3000         75,3200        
68,3000         75,3200         71,3000         68,4000         75,4300        
68,4000         75,4300         71,4000         68,5000         75,5400        
68,5000         75,5400         71,5000         68,6000         75,6500        
68,6000         75,6500         71,6000         68,7000         75,7600        
68,7000         75,7600         71,7000         68,8000         75,8700        
68,8000         75,8700         71,8000         68,9000         75,9800        
68,9000         75,9800         71,9000         69,0000         76,0900        
69,0000         76,0900         72,0000         69,1000         76,2000        
69,1000         76,2000         72,1000         69,2000         76,3100        
69,2000         76,3100         72,2000         69,3000         76,4200        
69,3000         76,4200         72,3000         69,4000         76,5300        
69,4000         76,5300         72,4000         69,5000         76,6400        
69,5000         76,6400         72,5000         69,6000         76,7500        
69,6000         76,7500         72,6000         69,7000         76,8600        
69,7000         76,8600         72,7000         69,8000         76,9700        
69,8000         76,9700         72,8000         69,9000         77,0800        
69,9000         77,0800         72,9000         70,0000         77,1900        
70,0000         77,1900         73,0000         70,1000         77,3000        
70,1000         77,3000         73,1000         70,2000         77,4100        
70,2000         77,4100         73,2000         70,3000         77,5200        
70,3000         77,5200         73,3000         70,4000         77,6300        
70,4000         77,6300         73,4000         70,5000         77,7400        
70,5000         77,7400         73,5000         70,6000         77,8500        
70,6000         77,8500         73,6000         70,7000         77,9600        
70,7000         77,9600         73,7000         70,8000         78,0700        
70,8000         78,0700         73,8000         70,9000         78,1800        
70,9000         78,1800         73,9000         71,0000         78,2900        
71,0000         78,2900         74,0000         71,1000         78,4000        
71,1000         78,4000         74,1000         71,2000         78,5100        
71,2000         78,5100         74,2000         71,3000         78,6200        
71,3000         78,6200         74,3000         71,4000         78,7300        
71,4000         78,7300         74,4000         71,5000         78,8400        
71,5000         78,8400         74,5000         71,6000         78,9500        
71,6000         78,9500         74,6000         71,7000         79,0600        
71,7000         79,0600         74,7000         71,8000         79,1700        
71,8000         79,1700         74,8000         71,9000         79,2800        
71,9000         79,2800         74,9000         72,0000         79,3900        
72,0000         79,3900         75,0000         72,1000         79,5000        
72,1000         79,5000         75,1000         72,2000         79,6100        
72,2000         79,6100         75,2000         72,3000         79,7200        
72,3000         79,7200         75,3000         72,4000         79,8300        
72,4000         79,8300         75,4000         72,5000         79,9400        
72,5000         79,9400         75,5000         72,6000         80,0500        
72,6000         80,0500         75,6000         72,7000         80,1600        
72,7000         80,1600         75,7000         72,8000         80,2700        
72,8000         80,2700         75,8000         72,9000         80,3800        
72,9000         80,3800         75,9000         73,0000         80,4900        
73,0000         80,4900         76,0000         73,1000         80,6000        
73,1000         80,6000         76,1000         73,2000         80,7100        
73,2000         80,7100         76,2000         73,3000         80,8200        
73,3000         80,8200         76,3000         73,4000         80,9300        
73,4000         80,9300         76,4000         73,5000         81,0400        
73,5000         81,0400         76,5000         73,6000         81,1500        
73,6000         81,1500         76,6000         73,7000         81,2600        
73,7000         81,2600         76,7000         73,8000         81,3700        
73,8000         81,3700         76,8000         73,9000         81,4800        
73,9000         81,4800         76,9000         74,0000         81,5900        
74,0000         81,5900         77,0000         74,1000         81,7000        
74,1000         81,7000         77,1000         74,2000         81,8100        
74,2000         81,8100         77,2000         74,3000         81,9200        
74,3000         81,9200         77,3000         74,4000         82,0300        
74,4000         82,0300         77,4000         74,5000         82,1400        
74,5000         82,1400         77,5000         74,6000         82,2500        
74,6000         82,2500         77,6000         74,7000         82,3600        
74,7000         82,3600         77,7000         74,8000         82,4700        
74,8000         82,4700         77,8000         74,9000         82,5800        
74,9000         82,5800         77,9000         75,0000         82,6900        
75,0000         82,6900         78,0000         75,1000         82,8000        
75,1000         82,8000         78,1000         75,2000         82,9100        
75,2000         82,9100         78,2000         75,3000         83,0200        
75,3000         83,0200         78,3000         75,4000         83,1300        
75,4000         83,1300         78,4000         75,5000         83,2400        
75,5000         83,2400         78,5000         75,6000         83,3500        
75,6000         83,3500         78,6000         75,7000         83,4600        
75,7000         83,4600         78,7000         75,8000         83,5700        
75,8000         83,5700         78,8000         75,9000         83,6800        
75,9000         83,6800         78,9000         76,0000         83,7900        
76,0000         83,7900         79,0000         76,1000         83,9000        
76,1000         83,9000         79,1000         76,2000         84,0100        
76,2000         84,0100         79,2000         76,3000         84,1200        
76,3000         84,1200         79,3000         76,4000         84,2300        
76,4000         84,2300         79,4000         76,5000         84,3400        
76,5000         84,3400         79,5000         76,6000         84,4500        
76,6000         84,4500         79,6000         76,7000         84,5600        
76,7000         84,5600         79,7000         76,8000         84,6700        
76,8000         84,6700         79,8000         76,9000         84,7800        
76,9000         84,7800         79,9000         77,0000         84,8900        
77,0000         84,8900         80,0000         77,1000         85,0000        
77,1000         85,0000         80,1000         77,2000         85,1100        
77,2000         85,1100         80,2000         77,3000         85,2200        
77,3000         85,2200         80,3000         77,4000         85,3300        
77,4000         85,3300         80,4000         77,5000         85,4400        
77,5000         85,4400         80,5000         77,6000         85,5500        
77,6000         85,5500         80,6000         77,7000         85,6600        
77,7000         85,6600         80,7000         77,8000         85,7700        
77,8000         85,7700         80,8000         77,9000         85,8800        
77,9000         85,8800         80,9000         78,0000         85,9900        
78,0000         85,9900         81,0000         78,1000         86,1000        
78,1000         86,1000         81,1000         78,2000         86,2100        
78,2000         86,2100         81,2000         78,3000         86,3200        
78,3000         86,3200         81,3000         78,4000         86,4300        
78,4000         86,4300         81,4000         78,5000         86,5400        
78,5000         86,5400         81,5000         78,6000         86,6500        
78,6000         86,6500         81,6000         78,7000         86,7600        
78,7000         86,7600         81,7000         78,8000         86,8700        
78,8000         86,8700         81,8000         78,9000         86,9800        
78,9000         86,9800         81,9000         79,0000         87,0900        
79,0000         87,0900         82,0000         79,1000         87,2000        
79,1000         87,2000         82,1000         79,2000         87,3100        
79,2000         87,3100         82,2000         79,3000         87,4200        
79,3000         87,4200         82,3000         79,4000         87,5300        
79,4000         87,5300         82,4000         79,5000         87,6400        
79,5000         87,6400         82,5000         79,6000         87,7500        
79,6000         87,7500         82,6000         79,7000         87,8600        
79,7000         87,8600         82,7000         79,8000         87,9700        
79,8000         87,9700         82,8000         79,9000         88,0800        
79,9000         88,0800         82,9000         80,0000         88,1900        
80,0000         88,1900         83,0000         80,1000         88,3000        
80,1000         88,3000         83,1000         80,2000         88,4100        
80,2000         88,4100         83,2000         80,3000         88,5200        
80,3000         88,5200         83,3000         80,4000         88,6300        
80,4000         88,6300         83,4000         80,5000         88,7400        
80,5000         88,7400         83,5000         80,6000         88,8500        
80,6000         88,8500         83,6000         80,7000         88,9600        
80,7000         88,9600         83,7000         80,8000         89,0700        
80,8000         89,0700         83,8000         80,9000         89,1800        
80,9000         89,1800         83,9000         81,0000         89,2900        
81,0000         89,2900         84,0000         81,1000         89,4000        
81,1000         89,4000         84,1000         81,2000         89,5100        
81,2000         89,5100         84,2000         81,3000         89,6200        
81,3000         89,6200         84,3000         81,4000         89,7300        
81,4000         89,7300         84,4000         81,5000         89,8400        
81,5000         89,8400         84,5000         81,6000         89,9500        
81,6000         89,9500         84,6000         81,7000         90,0600        
81,7000         90,0600         84,7000         81,8000         90,1700        
81,8000         90,1700         84,8000         81,9000         90,2800        
81,9000         90,2800         84,9000         82,0000         90,3900        
82,0000         90,3900         85,0000         82,1000         90,5000        
82,1000         90,5000         85,1000         82,2000         90,6100        
82,2000         90,6100         85,2000         82,3000         90,7200        
82,3000         90,7200         85,3000         82,4000         90,8300        
82,4000         90,8300         85,4000         82,5000         90,9400        
82,5000         90,9400         85,5000         82,6000         91,0500        
82,6000         91,0500         85,6000         82,7000         91,1600        
82,7000         91,1600         85,7000         82,8000         91,2700        
82,8000         91,2700         85,8000         82,9000         91,3800        
82,9000         91,3800         85,9000         83,0000         91,4900        
83,0000         91,4900         86,0000         83,1000         91,6000        
83,1000         91,6000         86,1000         83,2000         91,7100        
83,2000         91,7100         86,2000         83,3000         91,8200        
83,3000         91,8200         86,3000         83,4000         91,9300        
83,4000         91,9300         86,4000         83,5000         92,0400        
83,5000         92,0400         86,5000         83,6000         92,1500        
83,6000         92,1500         86,6000         83,7000         92,2600        
83,7000         92,2600         86,7000         83,8000         92,3700        
83,8000         92,3700         86,8000         83,9000         92,4800        
83,9000         92,4800         86,9000         84,0000         92,5900        
84,0000         92,5900         87,0000         84,1000         92,7000        
84,1000         92,7000         87,1000         84,2000         92,8100        
84,2000         92,8100         87,2000         84,3000         92,9200        
84,3000         92,9200         87,3000         84,4000         93,0300        
84,4000         93,0300         87,4000         84,5000         93,1400        
84,5000         93,1400         87,5000         84,6000         93,2500        
84,6000         93,2500         87,6000         84,7000         93,3600        
84,7000         93,3600         87,7000         84,8000         93,4700        
84,8000         93,4700         87,8000         84,9000         93,5800        
84,9000         93,5800         87,9000         85,0000         93,6900        
85,0000         93,6900         88,0000         85,1000         93,8000        
85,1000         93,8000         88,1000         85,2000         93,9100        
85,2000         93,9100         88,2000         85,3000         94,0200        
85,3000         94,0200         88,3000         85,4000         94,1300        
85,4000         94,1300         88,4000         85,5000         94,2400        
85,5000         94,2400         88,5000         85,6000         94,3500        
85,6000         94,3500         88,6000         85,7000         94,4600        
85,7000         94,4600         88,7000         85,8000         94,5700        
85,8000         94,5700         88,8000         85,9000         94,6800        
85,9000         94,6800         88,9000         86,0000         94,7900        
86,0000         94,7900         89,0000         86,1000         94,9000        
86,1000         94,9000         89,1000         86,2000         95,0100        
86,2000         95,0100         89,2000         86,3000         95,1200        
86,3000         95,1200         89,3000         86,4000         95,2300        
86,4000         95,2300         89,4000         86,5000         95,3400        
86,5000         95,3400         89,5000         86,6000         95,4500        
86,6000         95,4500         89,6000         86,7000         95,5600        
86,7000         95,5600         89,7000         86,8000         95,6700        
86,8000         95,6700         89,8000         86,9000         95,7800        
86,9000         95,7800         89,9000         87,0000         95,8900        
87,0000         95,8900         90,0000         87,1000         96,0000        
87,1000         96,0000         90,1000         87,2000         96,1100        
87,2000         96,1100         90,2000         87,3000         96,2200        
87,3000         96,2200         90,3000         87,4000         96,3300        
87,4000         96,3300         90,4000         87,5000         96,4400        
87,5000         96,4400         90,5000         87,6000         96,5500        
87,6000         96,5500         90,6000         87,7000         96,6600        
87,7000         96,6600         90,7000         87,8000         96,7700        
87,8000         96,7700         90,8000         87,9000         96,8800        
87,9000         96,8800         90,9000         88,0000         96,9900        
88,0000         96,9900         91,0000         88,1000         97,1000        
88,1000         97,1000         91,1000         88,2000         97,2100        
88,2000         97,2100         91,2000         88,3000         97,3200        
88,3000         97,3200         91,3000         88,4000         97,4300        
88,4000         97,4300         91,4000         88,5000         97,5400        
88,5000         97,5400         91,5000         88,6000         97,6500        
88,6000         97,6500         91,6000         88,7000         97,7600        
88,7000         97,7600         91,7000         88,8000         97,8700        
88,8000         97,8700         91,8000         88,9000         97,9800        
88,9000         97,9800         91,9000         89,0000         98,0900        
89,0000         98,0900         92,0000         89,1000         98,2000        
89,1000         98,2000         92,1000         89,2000         98,3100        
89,2000         98,3100         92,2000         89,3000         98,4200        
89,3000         98,4200         92,3000         89,4000         98,5300        
89,4000         98,5300         92,4000         89,5000         98,6400        
89,5000         98,6400         92,5000         89,6000         98,7500        
89,6000         98,7500         92,6000         89,7000         98,8600        
89,7000         98,8600         92,7000         89,8000         98,9700        
89,8000         98,9700         92,8000         89,9000         99,0800        
89,9000         99,0800         92,9000         90,0000         99,1900        
90,0000         99,1900         93,0000         90,1000         99,3000        
90,1000         99,3000         93,1000         90,2000         99,4100        
90,2000         99,4100         93,2000         90,3000         99,5200        
90,3000         99,5200         93,3000         90,4000         99,6300        
90,4000         99,6300         93,4000         90,5000         99,7400        
90,5000         99,7400         93,5000         90,6000         99,8500        
90,6000         99,8500         93,6000         90,7000         99,9600        
90,7000         99,9600         93,7000         90,8000         100,0700       
90,8000         100,0700        93,8000         90,9000         100,1800       
