ti              Di              dD/dt           ti+1            Di+1           
0,0000          0,0000          6,0000          0,1000          ,6000          
0,1000          0,6000          6,1000          0,2000          ,7100          
0,2000          0,7100          6,2000          0,3000          ,8200          
0,3000          0,8200          6,3000          0,4000          ,9300          
0,4000          0,9300          6,4000          0,5000          1,0400         
0,5000          1,0400          6,5000          0,6000          1,1500         
0,6000          1,1500          6,6000          0,7000          1,2600         
0,7000          1,2600          6,7000          0,8000          1,3700         
0,8000          1,3700          6,8000          0,9000          1,4800         
0,9000          1,4800          6,9000          1,0000          1,5900         
1,0000          1,5900          7,0000          1,1000          1,7000         
1,1000          1,7000          7,1000          1,2000          1,8100         
1,2000          1,8100          7,2000          1,3000          1,9200         
1,3000          1,9200          7,3000          1,4000          2,0300         
1,4000          2,0300          7,4000          1,5000          2,1400         
1,5000          2,1400          7,5000          1,6000          2,2500         
1,6000          2,2500          7,6000          1,7000          2,3600         
1,7000          2,3600          7,7000          1,8000          2,4700         
1,8000          2,4700          7,8000          1,9000          2,5800         
1,9000          2,5800          7,9000          2,0000          2,6900         
2,0000          2,6900          8,0000          2,1000          2,8000         
2,1000          2,8000          8,1000          2,2000          2,9100         
2,2000          2,9100          8,2000          2,3000          3,0200         
2,3000          3,0200          8,3000          2,4000          3,1300         
2,4000          3,1300          8,4000          2,5000          3,2400         
2,5000          3,2400          8,5000          2,6000          3,3500         
2,6000          3,3500          8,6000          2,7000          3,4600         
2,7000          3,4600          8,7000          2,8000          3,5700         
2,8000          3,5700          8,8000          2,9000          3,6800         
2,9000          3,6800          8,9000          3,0000          3,7900         
3,0000          3,7900          9,0000          3,1000          3,9000         
3,1000          3,9000          9,1000          3,2000          4,0100         
3,2000          4,0100          9,2000          3,3000          4,1200         
3,3000          4,1200          9,3000          3,4000          4,2300         
3,4000          4,2300          9,4000          3,5000          4,3400         
3,5000          4,3400          9,5000          3,6000          4,4500         
3,6000          4,4500          9,6000          3,7000          4,5600         
3,7000          4,5600          9,7000          3,8000          4,6700         
3,8000          4,6700          9,8000          3,9000          4,7800         
3,9000          4,7800          9,9000          4,0000          4,8900         
4,0000          4,8900          10,0000         4,1000          5,0000         
4,1000          5,0000          10,1000         4,2000          5,1100         
4,2000          5,1100          10,2000         4,3000          5,2200         
4,3000          5,2200          10,3000         4,4000          5,3300         
4,4000          5,3300          10,4000         4,5000          5,4400         
4,5000          5,4400          10,5000         4,6000          5,5500         
4,6000          5,5500          10,6000         4,7000          5,6600         
4,7000          5,6600          10,7000         4,8000          5,7700         
4,8000          5,7700          10,8000         4,9000          5,8800         
4,9000          5,8800          10,9000         5,0000          5,9900         
5,0000          5,9900          11,0000         5,1000          6,1000         
5,1000          6,1000          11,1000         5,2000          6,2100         
5,2000          6,2100          11,2000         5,3000          6,3200         
5,3000          6,3200          11,3000         5,4000          6,4300         
5,4000          6,4300          11,4000         5,5000          6,5400         
5,5000          6,5400          11,5000         5,6000          6,6500         
5,6000          6,6500          11,6000         5,7000          6,7600         
5,7000          6,7600          11,7000         5,8000          6,8700         
5,8000          6,8700          11,8000         5,9000          6,9800         
5,9000          6,9800          11,9000         6,0000          7,0900         
6,0000          7,0900          12,0000         6,1000          7,2000         
6,1000          7,2000          12,1000         6,2000          7,3100         
6,2000          7,3100          12,2000         6,3000          7,4200         
6,3000          7,4200          12,3000         6,4000          7,5300         
6,4000          7,5300          12,4000         6,5000          7,6400         
6,5000          7,6400          12,5000         6,6000          7,7500         
6,6000          7,7500          12,6000         6,7000          7,8600         
6,7000          7,8600          12,7000         6,8000          7,9700         
6,8000          7,9700          12,8000         6,9000          8,0800         
6,9000          8,0800          12,9000         7,0000          8,1900         
7,0000          8,1900          13,0000         7,1000          8,3000         
7,1000          8,3000          13,1000         7,2000          8,4100         
7,2000          8,4100          13,2000         7,3000          8,5200         
7,3000          8,5200          13,3000         7,4000          8,6300         
7,4000          8,6300          13,4000         7,5000          8,7400         
7,5000          8,7400          13,5000         7,6000          8,8500         
7,6000          8,8500          13,6000         7,7000          8,9600         
7,7000          8,9600          13,7000         7,8000          9,0700         
7,8000          9,0700          13,8000         7,9000          9,1800         
7,9000          9,1800          13,9000         8,0000          9,2900         
8,0000          9,2900          14,0000         8,1000          9,4000         
8,1000          9,4000          14,1000         8,2000          9,5100         
8,2000          9,5100          14,2000         8,3000          9,6200         
8,3000          9,6200          14,3000         8,4000          9,7300         
8,4000          9,7300          14,4000         8,5000          9,8400         
8,5000          9,8400          14,5000         8,6000          9,9500         
8,6000          9,9500          14,6000         8,7000          10,0600        
8,7000          10,0600         14,7000         8,8000          10,1700        
8,8000          10,1700         14,8000         8,9000          10,2800        
8,9000          10,2800         14,9000         9,0000          10,3900        
9,0000          10,3900         15,0000         9,1000          10,5000        
9,1000          10,5000         15,1000         9,2000          10,6100        
9,2000          10,6100         15,2000         9,3000          10,7200        
9,3000          10,7200         15,3000         9,4000          10,8300        
9,4000          10,8300         15,4000         9,5000          10,9400        
9,5000          10,9400         15,5000         9,6000          11,0500        
9,6000          11,0500         15,6000         9,7000          11,1600        
9,7000          11,1600         15,7000         9,8000          11,2700        
9,8000          11,2700         15,8000         9,9000          11,3800        
9,9000          11,3800         15,9000         10,0000         11,4900        
10,0000         11,4900         16,0000         10,1000         11,6000        
10,1000         11,6000         16,1000         10,2000         11,7100        
10,2000         11,7100         16,2000         10,3000         11,8200        
10,3000         11,8200         16,3000         10,4000         11,9300        
10,4000         11,9300         16,4000         10,5000         12,0400        
10,5000         12,0400         16,5000         10,6000         12,1500        
10,6000         12,1500         16,6000         10,7000         12,2600        
10,7000         12,2600         16,7000         10,8000         12,3700        
10,8000         12,3700         16,8000         10,9000         12,4800        
10,9000         12,4800         16,9000         11,0000         12,5900        
11,0000         12,5900         17,0000         11,1000         12,7000        
11,1000         12,7000         17,1000         11,2000         12,8100        
11,2000         12,8100         17,2000         11,3000         12,9200        
11,3000         12,9200         17,3000         11,4000         13,0300        
11,4000         13,0300         17,4000         11,5000         13,1400        
11,5000         13,1400         17,5000         11,6000         13,2500        
11,6000         13,2500         17,6000         11,7000         13,3600        
11,7000         13,3600         17,7000         11,8000         13,4700        
11,8000         13,4700         17,8000         11,9000         13,5800        
11,9000         13,5800         17,9000         12,0000         13,6900        
12,0000         13,6900         18,0000         12,1000         13,8000        
12,1000         13,8000         18,1000         12,2000         13,9100        
12,2000         13,9100         18,2000         12,3000         14,0200        
12,3000         14,0200         18,3000         12,4000         14,1300        
12,4000         14,1300         18,4000         12,5000         14,2400        
12,5000         14,2400         18,5000         12,6000         14,3500        
12,6000         14,3500         18,6000         12,7000         14,4600        
12,7000         14,4600         18,7000         12,8000         14,5700        
12,8000         14,5700         18,8000         12,9000         14,6800        
12,9000         14,6800         18,9000         13,0000         14,7900        
13,0000         14,7900         19,0000         13,1000         14,9000        
13,1000         14,9000         19,1000         13,2000         15,0100        
13,2000         15,0100         19,2000         13,3000         15,1200        
13,3000         15,1200         19,3000         13,4000         15,2300        
13,4000         15,2300         19,4000         13,5000         15,3400        
13,5000         15,3400         19,5000         13,6000         15,4500        
13,6000         15,4500         19,6000         13,7000         15,5600        
13,7000         15,5600         19,7000         13,8000         15,6700        
13,8000         15,6700         19,8000         13,9000         15,7800        
13,9000         15,7800         19,9000         14,0000         15,8900        
14,0000         15,8900         20,0000         14,1000         16,0000        
14,1000         16,0000         20,1000         14,2000         16,1100        
14,2000         16,1100         20,2000         14,3000         16,2200        
14,3000         16,2200         20,3000         14,4000         16,3300        
14,4000         16,3300         20,4000         14,5000         16,4400        
14,5000         16,4400         20,5000         14,6000         16,5500        
14,6000         16,5500         20,6000         14,7000         16,6600        
14,7000         16,6600         20,7000         14,8000         16,7700        
14,8000         16,7700         20,8000         14,9000         16,8800        
14,9000         16,8800         20,9000         15,0000         16,9900        
15,0000         16,9900         21,0000         15,1000         17,1000        
15,1000         17,1000         21,1000         15,2000         17,2100        
15,2000         17,2100         21,2000         15,3000         17,3200        
15,3000         17,3200         21,3000         15,4000         17,4300        
15,4000         17,4300         21,4000         15,5000         17,5400        
15,5000         17,5400         21,5000         15,6000         17,6500        
15,6000         17,6500         21,6000         15,7000         17,7600        
15,7000         17,7600         21,7000         15,8000         17,8700        
15,8000         17,8700         21,8000         15,9000         17,9800        
15,9000         17,9800         21,9000         16,0000         18,0900        
16,0000         18,0900         22,0000         16,1000         18,2000        
16,1000         18,2000         22,1000         16,2000         18,3100        
16,2000         18,3100         22,2000         16,3000         18,4200        
16,3000         18,4200         22,3000         16,4000         18,5300        
16,4000         18,5300         22,4000         16,5000         18,6400        
16,5000         18,6400         22,5000         16,6000         18,7500        
16,6000         18,7500         22,6000         16,7000         18,8600        
16,7000         18,8600         22,7000         16,8000         18,9700        
16,8000         18,9700         22,8000         16,9000         19,0800        
16,9000         19,0800         22,9000         17,0000         19,1900        
17,0000         19,1900         23,0000         17,1000         19,3000        
17,1000         19,3000         23,1000         17,2000         19,4100        
17,2000         19,4100         23,2000         17,3000         19,5200        
17,3000         19,5200         23,3000         17,4000         19,6300        
17,4000         19,6300         23,4000         17,5000         19,7400        
17,5000         19,7400         23,5000         17,6000         19,8500        
17,6000         19,8500         23,6000         17,7000         19,9600        
17,7000         19,9600         23,7000         17,8000         20,0700        
17,8000         20,0700         23,8000         17,9000         20,1800        
17,9000         20,1800         23,9000         18,0000         20,2900        
18,0000         20,2900         24,0000         18,1000         20,4000        
18,1000         20,4000         24,1000         18,2000         20,5100        
18,2000         20,5100         24,2000         18,3000         20,6200        
18,3000         20,6200         24,3000         18,4000         20,7300        
18,4000         20,7300         24,4000         18,5000         20,8400        
18,5000         20,8400         24,5000         18,6000         20,9500        
18,6000         20,9500         24,6000         18,7000         21,0600        
18,7000         21,0600         24,7000         18,8000         21,1700        
18,8000         21,1700         24,8000         18,9000         21,2800        
18,9000         21,2800         24,9000         19,0000         21,3900        
19,0000         21,3900         25,0000         19,1000         21,5000        
19,1000         21,5000         25,1000         19,2000         21,6100        
19,2000         21,6100         25,2000         19,3000         21,7200        
19,3000         21,7200         25,3000         19,4000         21,8300        
19,4000         21,8300         25,4000         19,5000         21,9400        
19,5000         21,9400         25,5000         19,6000         22,0500        
19,6000         22,0500         25,6000         19,7000         22,1600        
19,7000         22,1600         25,7000         19,8000         22,2700        
19,8000         22,2700         25,8000         19,9000         22,3800        
19,9000         22,3800         25,9000         20,0000         22,4900        
20,0000         22,4900         26,0000         20,1000         22,6000        
20,1000         22,6000         26,1000         20,2000         22,7100        
20,2000         22,7100         26,2000         20,3000         22,8200        
20,3000         22,8200         26,3000         20,4000         22,9300        
20,4000         22,9300         26,4000         20,5000         23,0400        
20,5000         23,0400         26,5000         20,6000         23,1500        
20,6000         23,1500         26,6000         20,7000         23,2600        
20,7000         23,2600         26,7000         20,8000         23,3700        
20,8000         23,3700         26,8000         20,9000         23,4800        
20,9000         23,4800         26,9000         21,0000         23,5900        
21,0000         23,5900         27,0000         21,1000         23,7000        
21,1000         23,7000         27,1000         21,2000         23,8100        
21,2000         23,8100         27,2000         21,3000         23,9200        
21,3000         23,9200         27,3000         21,4000         24,0300        
21,4000         24,0300         27,4000         21,5000         24,1400        
21,5000         24,1400         27,5000         21,6000         24,2500        
21,6000         24,2500         27,6000         21,7000         24,3600        
21,7000         24,3600         27,7000         21,8000         24,4700        
21,8000         24,4700         27,8000         21,9000         24,5800        
21,9000         24,5800         27,9000         22,0000         24,6900        
22,0000         24,6900         28,0000         22,1000         24,8000        
22,1000         24,8000         28,1000         22,2000         24,9100        
22,2000         24,9100         28,2000         22,3000         25,0200        
22,3000         25,0200         28,3000         22,4000         25,1300        
22,4000         25,1300         28,4000         22,5000         25,2400        
22,5000         25,2400         28,5000         22,6000         25,3500        
22,6000         25,3500         28,6000         22,7000         25,4600        
22,7000         25,4600         28,7000         22,8000         25,5700        
22,8000         25,5700         28,8000         22,9000         25,6800        
22,9000         25,6800         28,9000         23,0000         25,7900        
23,0000         25,7900         29,0000         23,1000         25,9000        
23,1000         25,9000         29,1000         23,2000         26,0100        
23,2000         26,0100         29,2000         23,3000         26,1200        
23,3000         26,1200         29,3000         23,4000         26,2300        
23,4000         26,2300         29,4000         23,5000         26,3400        
23,5000         26,3400         29,5000         23,6000         26,4500        
23,6000         26,4500         29,6000         23,7000         26,5600        
23,7000         26,5600         29,7000         23,8000         26,6700        
23,8000         26,6700         29,8000         23,9000         26,7800        
23,9000         26,7800         29,9000         24,0000         26,8900        
24,0000         26,8900         30,0000         24,1000         27,0000        
24,1000         27,0000         30,1000         24,2000         27,1100        
24,2000         27,1100         30,2000         24,3000         27,2200        
24,3000         27,2200         30,3000         24,4000         27,3300        
24,4000         27,3300         30,4000         24,5000         27,4400        
24,5000         27,4400         30,5000         24,6000         27,5500        
24,6000         27,5500         30,6000         24,7000         27,6600        
24,7000         27,6600         30,7000         24,8000         27,7700        
24,8000         27,7700         30,8000         24,9000         27,8800        
24,9000         27,8800         30,9000         25,0000         27,9900        
25,0000         27,9900         31,0000         25,1000         28,1000        
25,1000         28,1000         31,1000         25,2000         28,2100        
25,2000         28,2100         31,2000         25,3000         28,3200        
25,3000         28,3200         31,3000         25,4000         28,4300        
25,4000         28,4300         31,4000         25,5000         28,5400        
25,5000         28,5400         31,5000         25,6000         28,6500        
25,6000         28,6500         31,6000         25,7000         28,7600        
25,7000         28,7600         31,7000         25,8000         28,8700        
25,8000         28,8700         31,8000         25,9000         28,9800        
25,9000         28,9800         31,9000         26,0000         29,0900        
26,0000         29,0900         32,0000         26,1000         29,2000        
26,1000         29,2000         32,1000         26,2000         29,3100        
26,2000         29,3100         32,2000         26,3000         29,4200        
26,3000         29,4200         32,3000         26,4000         29,5300        
26,4000         29,5300         32,4000         26,5000         29,6400        
26,5000         29,6400         32,5000         26,6000         29,7500        
26,6000         29,7500         32,6000         26,7000         29,8600        
26,7000         29,8600         32,7000         26,8000         29,9700        
26,8000         29,9700         32,8000         26,9000         30,0800        
26,9000         30,0800         32,9000         27,0000         30,1900        
27,0000         30,1900         33,0000         27,1000         30,3000        
27,1000         30,3000         33,1000         27,2000         30,4100        
27,2000         30,4100         33,2000         27,3000         30,5200        
27,3000         30,5200         33,3000         27,4000         30,6300        
27,4000         30,6300         33,4000         27,5000         30,7400        
27,5000         30,7400         33,5000         27,6000         30,8500        
27,6000         30,8500         33,6000         27,7000         30,9600        
27,7000         30,9600         33,7000         27,8000         31,0700        
27,8000         31,0700         33,8000         27,9000         31,1800        
27,9000         31,1800         33,9000         28,0000         31,2900        
28,0000         31,2900         34,0000         28,1000         31,4000        
28,1000         31,4000         34,1000         28,2000         31,5100        
28,2000         31,5100         34,2000         28,3000         31,6200        
28,3000         31,6200         34,3000         28,4000         31,7300        
28,4000         31,7300         34,4000         28,5000         31,8400        
28,5000         31,8400         34,5000         28,6000         31,9500        
28,6000         31,9500         34,6000         28,7000         32,0600        
28,7000         32,0600         34,7000         28,8000         32,1700        
28,8000         32,1700         34,8000         28,9000         32,2800        
28,9000         32,2800         34,9000         29,0000         32,3900        
29,0000         32,3900         35,0000         29,1000         32,5000        
29,1000         32,5000         35,1000         29,2000         32,6100        
29,2000         32,6100         35,2000         29,3000         32,7200        
29,3000         32,7200         35,3000         29,4000         32,8300        
29,4000         32,8300         35,4000         29,5000         32,9400        
29,5000         32,9400         35,5000         29,6000         33,0500        
29,6000         33,0500         35,6000         29,7000         33,1600        
29,7000         33,1600         35,7000         29,8000         33,2700        
29,8000         33,2700         35,8000         29,9000         33,3800        
29,9000         33,3800         35,9000         30,0000         33,4900        
30,0000         33,4900         36,0000         30,1000         33,6000        
30,1000         33,6000         36,1000         30,2000         33,7100        
30,2000         33,7100         36,2000         30,3000         33,8200        
30,3000         33,8200         36,3000         30,4000         33,9300        
30,4000         33,9300         36,4000         30,5000         34,0400        
30,5000         34,0400         36,5000         30,6000         34,1500        
30,6000         34,1500         36,6000         30,7000         34,2600        
30,7000         34,2600         36,7000         30,8000         34,3700        
30,8000         34,3700         36,8000         30,9000         34,4800        
30,9000         34,4800         36,9000         31,0000         34,5900        
31,0000         34,5900         37,0000         31,1000         34,7000        
31,1000         34,7000         37,1000         31,2000         34,8100        
31,2000         34,8100         37,2000         31,3000         34,9200        
31,3000         34,9200         37,3000         31,4000         35,0300        
31,4000         35,0300         37,4000         31,5000         35,1400        
31,5000         35,1400         37,5000         31,6000         35,2500        
31,6000         35,2500         37,6000         31,7000         35,3600        
31,7000         35,3600         37,7000         31,8000         35,4700        
31,8000         35,4700         37,8000         31,9000         35,5800        
31,9000         35,5800         37,9000         32,0000         35,6900        
32,0000         35,6900         38,0000         32,1000         35,8000        
32,1000         35,8000         38,1000         32,2000         35,9100        
32,2000         35,9100         38,2000         32,3000         36,0200        
32,3000         36,0200         38,3000         32,4000         36,1300        
32,4000         36,1300         38,4000         32,5000         36,2400        
32,5000         36,2400         38,5000         32,6000         36,3500        
32,6000         36,3500         38,6000         32,7000         36,4600        
32,7000         36,4600         38,7000         32,8000         36,5700        
32,8000         36,5700         38,8000         32,9000         36,6800        
32,9000         36,6800         38,9000         33,0000         36,7900        
33,0000         36,7900         39,0000         33,1000         36,9000        
33,1000         36,9000         39,1000         33,2000         37,0100        
33,2000         37,0100         39,2000         33,3000         37,1200        
33,3000         37,1200         39,3000         33,4000         37,2300        
33,4000         37,2300         39,4000         33,5000         37,3400        
33,5000         37,3400         39,5000         33,6000         37,4500        
33,6000         37,4500         39,6000         33,7000         37,5600        
33,7000         37,5600         39,7000         33,8000         37,6700        
33,8000         37,6700         39,8000         33,9000         37,7800        
33,9000         37,7800         39,9000         34,0000         37,8900        
34,0000         37,8900         40,0000         34,1000         38,0000        
34,1000         38,0000         40,1000         34,2000         38,1100        
34,2000         38,1100         40,2000         34,3000         38,2200        
34,3000         38,2200         40,3000         34,4000         38,3300        
34,4000         38,3300         40,4000         34,5000         38,4400        
34,5000         38,4400         40,5000         34,6000         38,5500        
34,6000         38,5500         40,6000         34,7000         38,6600        
34,7000         38,6600         40,7000         34,8000         38,7700        
34,8000         38,7700         40,8000         34,9000         38,8800        
34,9000         38,8800         40,9000         35,0000         38,9900        
35,0000         38,9900         41,0000         35,1000         39,1000        
35,1000         39,1000         41,1000         35,2000         39,2100        
35,2000         39,2100         41,2000         35,3000         39,3200        
35,3000         39,3200         41,3000         35,4000         39,4300        
35,4000         39,4300         41,4000         35,5000         39,5400        
35,5000         39,5400         41,5000         35,6000         39,6500        
35,6000         39,6500         41,6000         35,7000         39,7600        
35,7000         39,7600         41,7000         35,8000         39,8700        
35,8000         39,8700         41,8000         35,9000         39,9800        
35,9000         39,9800         41,9000         36,0000         40,0900        
36,0000         40,0900         42,0000         36,1000         40,2000        
36,1000         40,2000         42,1000         36,2000         40,3100        
36,2000         40,3100         42,2000         36,3000         40,4200        
36,3000         40,4200         42,3000         36,4000         40,5300        
36,4000         40,5300         42,4000         36,5000         40,6400        
36,5000         40,6400         42,5000         36,6000         40,7500        
36,6000         40,7500         42,6000         36,7000         40,8600        
36,7000         40,8600         42,7000         36,8000         40,9700        
36,8000         40,9700         42,8000         36,9000         41,0800        
36,9000         41,0800         42,9000         37,0000         41,1900        
37,0000         41,1900         43,0000         37,1000         41,3000        
37,1000         41,3000         43,1000         37,2000         41,4100        
37,2000         41,4100         43,2000         37,3000         41,5200        
37,3000         41,5200         43,3000         37,4000         41,6300        
37,4000         41,6300         43,4000         37,5000         41,7400        
37,5000         41,7400         43,5000         37,6000         41,8500        
37,6000         41,8500         43,6000         37,7000         41,9600        
37,7000         41,9600         43,7000         37,8000         42,0700        
37,8000         42,0700         43,8000         37,9000         42,1800        
37,9000         42,1800         43,9000         38,0000         42,2900        
38,0000         42,2900         44,0000         38,1000         42,4000        
38,1000         42,4000         44,1000         38,2000         42,5100        
38,2000         42,5100         44,2000         38,3000         42,6200        
38,3000         42,6200         44,3000         38,4000         42,7300        
38,4000         42,7300         44,4000         38,5000         42,8400        
38,5000         42,8400         44,5000         38,6000         42,9500        
38,6000         42,9500         44,6000         38,7000         43,0600        
38,7000         43,0600         44,7000         38,8000         43,1700        
38,8000         43,1700         44,8000         38,9000         43,2800        
38,9000         43,2800         44,9000         39,0000         43,3900        
39,0000         43,3900         45,0000         39,1000         43,5000        
39,1000         43,5000         45,1000         39,2000         43,6100        
39,2000         43,6100         45,2000         39,3000         43,7200        
39,3000         43,7200         45,3000         39,4000         43,8300        
39,4000         43,8300         45,4000         39,5000         43,9400        
39,5000         43,9400         45,5000         39,6000         44,0500        
39,6000         44,0500         45,6000         39,7000         44,1600        
39,7000         44,1600         45,7000         39,8000         44,2700        
39,8000         44,2700         45,8000         39,9000         44,3800        
39,9000         44,3800         45,9000         40,0000         44,4900        
40,0000         44,4900         46,0000         40,1000         44,6000        
40,1000         44,6000         46,1000         40,2000         44,7100        
40,2000         44,7100         46,2000         40,3000         44,8200        
40,3000         44,8200         46,3000         40,4000         44,9300        
40,4000         44,9300         46,4000         40,5000         45,0400        
40,5000         45,0400         46,5000         40,6000         45,1500        
40,6000         45,1500         46,6000         40,7000         45,2600        
40,7000         45,2600         46,7000         40,8000         45,3700        
40,8000         45,3700         46,8000         40,9000         45,4800        
40,9000         45,4800         46,9000         41,0000         45,5900        
41,0000         45,5900         47,0000         41,1000         45,7000        
41,1000         45,7000         47,1000         41,2000         45,8100        
41,2000         45,8100         47,2000         41,3000         45,9200        
41,3000         45,9200         47,3000         41,4000         46,0300        
41,4000         46,0300         47,4000         41,5000         46,1400        
41,5000         46,1400         47,5000         41,6000         46,2500        
41,6000         46,2500         47,6000         41,7000         46,3600        
41,7000         46,3600         47,7000         41,8000         46,4700        
41,8000         46,4700         47,8000         41,9000         46,5800        
41,9000         46,5800         47,9000         42,0000         46,6900        
42,0000         46,6900         48,0000         42,1000         46,8000        
42,1000         46,8000         48,1000         42,2000         46,9100        
42,2000         46,9100         48,2000         42,3000         47,0200        
42,3000         47,0200         48,3000         42,4000         47,1300        
42,4000         47,1300         48,4000         42,5000         47,2400        
42,5000         47,2400         48,5000         42,6000         47,3500        
42,6000         47,3500         48,6000         42,7000         47,4600        
42,7000         47,4600         48,7000         42,8000         47,5700        
42,8000         47,5700         48,8000         42,9000         47,6800        
42,9000         47,6800         48,9000         43,0000         47,7900        
43,0000         47,7900         49,0000         43,1000         47,9000        
43,1000         47,9000         49,1000         43,2000         48,0100        
43,2000         48,0100         49,2000         43,3000         48,1200        
43,3000         48,1200         49,3000         43,4000         48,2300        
43,4000         48,2300         49,4000         43,5000         48,3400        
43,5000         48,3400         49,5000         43,6000         48,4500        
43,6000         48,4500         49,6000         43,7000         48,5600        
43,7000         48,5600         49,7000         43,8000         48,6700        
43,8000         48,6700         49,8000         43,9000         48,7800        
43,9000         48,7800         49,9000         44,0000         48,8900        
44,0000         48,8900         50,0000         44,1000         49,0000        
44,1000         49,0000         50,1000         44,2000         49,1100        
44,2000         49,1100         50,2000         44,3000         49,2200        
44,3000         49,2200         50,3000         44,4000         49,3300        
44,4000         49,3300         50,4000         44,5000         49,4400        
44,5000         49,4400         50,5000         44,6000         49,5500        
44,6000         49,5500         50,6000         44,7000         49,6600        
44,7000         49,6600         50,7000         44,8000         49,7700        
44,8000         49,7700         50,8000         44,9000         49,8800        
44,9000         49,8800         50,9000         45,0000         49,9900        
45,0000         49,9900         51,0000         45,1000         50,1000        
45,1000         50,1000         51,1000         45,2000         50,2100        
45,2000         50,2100         51,2000         45,3000         50,3200        
45,3000         50,3200         51,3000         45,4000         50,4300        
45,4000         50,4300         51,4000         45,5000         50,5400        
45,5000         50,5400         51,5000         45,6000         50,6500        
45,6000         50,6500         51,6000         45,7000         50,7600        
45,7000         50,7600         51,7000         45,8000         50,8700        
45,8000         50,8700         51,8000         45,9000         50,9800        
45,9000         50,9800         51,9000         46,0000         51,0900        
46,0000         51,0900         52,0000         46,1000         51,2000        
46,1000         51,2000         52,1000         46,2000         51,3100        
46,2000         51,3100         52,2000         46,3000         51,4200        
46,3000         51,4200         52,3000         46,4000         51,5300        
46,4000         51,5300         52,4000         46,5000         51,6400        
46,5000         51,6400         52,5000         46,6000         51,7500        
46,6000         51,7500         52,6000         46,7000         51,8600        
46,7000         51,8600         52,7000         46,8000         51,9700        
46,8000         51,9700         52,8000         46,9000         52,0800        
46,9000         52,0800         52,9000         47,0000         52,1900        
47,0000         52,1900         53,0000         47,1000         52,3000        
47,1000         52,3000         53,1000         47,2000         52,4100        
47,2000         52,4100         53,2000         47,3000         52,5200        
47,3000         52,5200         53,3000         47,4000         52,6300        
47,4000         52,6300         53,4000         47,5000         52,7400        
47,5000         52,7400         53,5000         47,6000         52,8500        
47,6000         52,8500         53,6000         47,7000         52,9600        
47,7000         52,9600         53,7000         47,8000         53,0700        
47,8000         53,0700         53,8000         47,9000         53,1800        
47,9000         53,1800         53,9000         48,0000         53,2900        
48,0000         53,2900         54,0000         48,1000         53,4000        
48,1000         53,4000         54,1000         48,2000         53,5100        
48,2000         53,5100         54,2000         48,3000         53,6200        
48,3000         53,6200         54,3000         48,4000         53,7300        
48,4000         53,7300         54,4000         48,5000         53,8400        
48,5000         53,8400         54,5000         48,6000         53,9500        
48,6000         53,9500         54,6000         48,7000         54,0600        
48,7000         54,0600         54,7000         48,8000         54,1700        
48,8000         54,1700         54,8000         48,9000         54,2800        
48,9000         54,2800         54,9000         49,0000         54,3900        
49,0000         54,3900         55,0000         49,1000         54,5000        
49,1000         54,5000         55,1000         49,2000         54,6100        
49,2000         54,6100         55,2000         49,3000         54,7200        
49,3000         54,7200         55,3000         49,4000         54,8300        
49,4000         54,8300         55,4000         49,5000         54,9400        
49,5000         54,9400         55,5000         49,6000         55,0500        
49,6000         55,0500         55,6000         49,7000         55,1600        
49,7000         55,1600         55,7000         49,8000         55,2700        
49,8000         55,2700         55,8000         49,9000         55,3800        
49,9000         55,3800         55,9000         50,0000         55,4900        
50,0000         55,4900         56,0000         50,1000         55,6000        
50,1000         55,6000         56,1000         50,2000         55,7100        
50,2000         55,7100         56,2000         50,3000         55,8200        
50,3000         55,8200         56,3000         50,4000         55,9300        
50,4000         55,9300         56,4000         50,5000         56,0400        
50,5000         56,0400         56,5000         50,6000         56,1500        
50,6000         56,1500         56,6000         50,7000         56,2600        
50,7000         56,2600         56,7000         50,8000         56,3700        
50,8000         56,3700         56,8000         50,9000         56,4800        
50,9000         56,4800         56,9000         51,0000         56,5900        
51,0000         56,5900         57,0000         51,1000         56,7000        
51,1000         56,7000         57,1000         51,2000         56,8100        
51,2000         56,8100         57,2000         51,3000         56,9200        
51,3000         56,9200         57,3000         51,4000         57,0300        
51,4000         57,0300         57,4000         51,5000         57,1400        
51,5000         57,1400         57,5000         51,6000         57,2500        
51,6000         57,2500         57,6000         51,7000         57,3600        
51,7000         57,3600         57,7000         51,8000         57,4700        
51,8000         57,4700         57,8000         51,9000         57,5800        
51,9000         57,5800         57,9000         52,0000         57,6900        
52,0000         57,6900         58,0000         52,1000         57,8000        
52,1000         57,8000         58,1000         52,2000         57,9100        
52,2000         57,9100         58,2000         52,3000         58,0200        
52,3000         58,0200         58,3000         52,4000         58,1300        
52,4000         58,1300         58,4000         52,5000         58,2400        
52,5000         58,2400         58,5000         52,6000         58,3500        
52,6000         58,3500         58,6000         52,7000         58,4600        
52,7000         58,4600         58,7000         52,8000         58,5700        
52,8000         58,5700         58,8000         52,9000         58,6800        
52,9000         58,6800         58,9000         53,0000         58,7900        
53,0000         58,7900         59,0000         53,1000         58,9000        
53,1000         58,9000         59,1000         53,2000         59,0100        
53,2000         59,0100         59,2000         53,3000         59,1200        
53,3000         59,1200         59,3000         53,4000         59,2300        
53,4000         59,2300         59,4000         53,5000         59,3400        
53,5000         59,3400         59,5000         53,6000         59,4500        
53,6000         59,4500         59,6000         53,7000         59,5600        
53,7000         59,5600         59,7000         53,8000         59,6700        
53,8000         59,6700         59,8000         53,9000         59,7800        
53,9000         59,7800         59,9000         54,0000         59,8900        
54,0000         59,8900         60,0000         54,1000         60,0000        
54,1000         60,0000         60,1000         54,2000         60,1100        
54,2000         60,1100         60,2000         54,3000         60,2200        
54,3000         60,2200         60,3000         54,4000         60,3300        
54,4000         60,3300         60,4000         54,5000         60,4400        
54,5000         60,4400         60,5000         54,6000         60,5500        
54,6000         60,5500         60,6000         54,7000         60,6600        
54,7000         60,6600         60,7000         54,8000         60,7700        
54,8000         60,7700         60,8000         54,9000         60,8800        
54,9000         60,8800         60,9000         55,0000         60,9900        
55,0000         60,9900         61,0000         55,1000         61,1000        
55,1000         61,1000         61,1000         55,2000         61,2100        
55,2000         61,2100         61,2000         55,3000         61,3200        
55,3000         61,3200         61,3000         55,4000         61,4300        
55,4000         61,4300         61,4000         55,5000         61,5400        
55,5000         61,5400         61,5000         55,6000         61,6500        
55,6000         61,6500         61,6000         55,7000         61,7600        
55,7000         61,7600         61,7000         55,8000         61,8700        
55,8000         61,8700         61,8000         55,9000         61,9800        
55,9000         61,9800         61,9000         56,0000         62,0900        
56,0000         62,0900         62,0000         56,1000         62,2000        
56,1000         62,2000         62,1000         56,2000         62,3100        
56,2000         62,3100         62,2000         56,3000         62,4200        
56,3000         62,4200         62,3000         56,4000         62,5300        
56,4000         62,5300         62,4000         56,5000         62,6400        
56,5000         62,6400         62,5000         56,6000         62,7500        
56,6000         62,7500         62,6000         56,7000         62,8600        
56,7000         62,8600         62,7000         56,8000         62,9700        
56,8000         62,9700         62,8000         56,9000         63,0800        
56,9000         63,0800         62,9000         57,0000         63,1900        
57,0000         63,1900         63,0000         57,1000         63,3000        
57,1000         63,3000         63,1000         57,2000         63,4100        
57,2000         63,4100         63,2000         57,3000         63,5200        
57,3000         63,5200         63,3000         57,4000         63,6300        
57,4000         63,6300         63,4000         57,5000         63,7400        
57,5000         63,7400         63,5000         57,6000         63,8500        
57,6000         63,8500         63,6000         57,7000         63,9600        
57,7000         63,9600         63,7000         57,8000         64,0700        
57,8000         64,0700         63,8000         57,9000         64,1800        
57,9000         64,1800         63,9000         58,0000         64,2900        
58,0000         64,2900         64,0000         58,1000         64,4000        
58,1000         64,4000         64,1000         58,2000         64,5100        
58,2000         64,5100         64,2000         58,3000         64,6200        
58,3000         64,6200         64,3000         58,4000         64,7300        
58,4000         64,7300         64,4000         58,5000         64,8400        
58,5000         64,8400         64,5000         58,6000         64,9500        
58,6000         64,9500         64,6000         58,7000         65,0600        
58,7000         65,0600         64,7000         58,8000         65,1700        
58,8000         65,1700         64,8000         58,9000         65,2800        
58,9000         65,2800         64,9000         59,0000         65,3900        
59,0000         65,3900         65,0000         59,1000         65,5000        
59,1000         65,5000         65,1000         59,2000         65,6100        
59,2000         65,6100         65,2000         59,3000         65,7200        
59,3000         65,7200         65,3000         59,4000         65,8300        
59,4000         65,8300         65,4000         59,5000         65,9400        
59,5000         65,9400         65,5000         59,6000         66,0500        
59,6000         66,0500         65,6000         59,7000         66,1600        
59,7000         66,1600         65,7000         59,8000         66,2700        
59,8000         66,2700         65,8000         59,9000         66,3800        
59,9000         66,3800         65,9000         60,0000         66,4900        
60,0000         66,4900         66,0000         60,1000         66,6000        
60,1000         66,6000         66,1000         60,2000         66,7100        
60,2000         66,7100         66,2000         60,3000         66,8200        
60,3000         66,8200         66,3000         60,4000         66,9300        
60,4000         66,9300         66,4000         60,5000         67,0400        
60,5000         67,0400         66,5000         60,6000         67,1500        
60,6000         67,1500         66,6000         60,7000         67,2600        
60,7000         67,2600         66,7000         60,8000         67,3700        
60,8000         67,3700         66,8000         60,9000         67,4800        
60,9000         67,4800         66,9000         61,0000         67,5900        
61,0000         67,5900         67,0000         61,1000         67,7000        
61,1000         67,7000         67,1000         61,2000         67,8100        
61,2000         67,8100         67,2000         61,3000         67,9200        
61,3000         67,9200         67,3000         61,4000         68,0300        
61,4000         68,0300         67,4000         61,5000         68,1400        
61,5000         68,1400         67,5000         61,6000         68,2500        
61,6000         68,2500         67,6000         61,7000         68,3600        
61,7000         68,3600         67,7000         61,8000         68,4700        
61,8000         68,4700         67,8000         61,9000         68,5800        
61,9000         68,5800         67,9000         62,0000         68,6900        
62,0000         68,6900         68,0000         62,1000         68,8000        
62,1000         68,8000         68,1000         62,2000         68,9100        
62,2000         68,9100         68,2000         62,3000         69,0200        
62,3000         69,0200         68,3000         62,4000         69,1300        
62,4000         69,1300         68,4000         62,5000         69,2400        
62,5000         69,2400         68,5000         62,6000         69,3500        
62,6000         69,3500         68,6000         62,7000         69,4600        
62,7000         69,4600         68,7000         62,8000         69,5700        
62,8000         69,5700         68,8000         62,9000         69,6800        
62,9000         69,6800         68,9000         63,0000         69,7900        
63,0000         69,7900         69,0000         63,1000         69,9000        
63,1000         69,9000         69,1000         63,2000         70,0100        
63,2000         70,0100         69,2000         63,3000         70,1200        
63,3000         70,1200         69,3000         63,4000         70,2300        
63,4000         70,2300         69,4000         63,5000         70,3400        
63,5000         70,3400         69,5000         63,6000         70,4500        
63,6000         70,4500         69,6000         63,7000         70,5600        
63,7000         70,5600         69,7000         63,8000         70,6700        
63,8000         70,6700         69,8000         63,9000         70,7800        
63,9000         70,7800         69,9000         64,0000         70,8900        
64,0000         70,8900         70,0000         64,1000         71,0000        
64,1000         71,0000         70,1000         64,2000         71,1100        
64,2000         71,1100         70,2000         64,3000         71,2200        
64,3000         71,2200         70,3000         64,4000         71,3300        
64,4000         71,3300         70,4000         64,5000         71,4400        
64,5000         71,4400         70,5000         64,6000         71,5500        
64,6000         71,5500         70,6000         64,7000         71,6600        
64,7000         71,6600         70,7000         64,8000         71,7700        
64,8000         71,7700         70,8000         64,9000         71,8800        
64,9000         71,8800         70,9000         65,0000         71,9900        
65,0000         71,9900         71,0000         65,1000         72,1000        
65,1000         72,1000         71,1000         65,2000         72,2100        
65,2000         72,2100         71,2000         65,3000         72,3200        
65,3000         72,3200         71,3000         65,4000         72,4300        
65,4000         72,4300         71,4000         65,5000         72,5400        
65,5000         72,5400         71,5000         65,6000         72,6500        
65,6000         72,6500         71,6000         65,7000         72,7600        
65,7000         72,7600         71,7000         65,8000         72,8700        
65,8000         72,8700         71,8000         65,9000         72,9800        
65,9000         72,9800         71,9000         66,0000         73,0900        
66,0000         73,0900         72,0000         66,1000         73,2000        
66,1000         73,2000         72,1000         66,2000         73,3100        
66,2000         73,3100         72,2000         66,3000         73,4200        
66,3000         73,4200         72,3000         66,4000         73,5300        
66,4000         73,5300         72,4000         66,5000         73,6400        
66,5000         73,6400         72,5000         66,6000         73,7500        
66,6000         73,7500         72,6000         66,7000         73,8600        
66,7000         73,8600         72,7000         66,8000         73,9700        
66,8000         73,9700         72,8000         66,9000         74,0800        
66,9000         74,0800         72,9000         67,0000         74,1900        
67,0000         74,1900         73,0000         67,1000         74,3000        
67,1000         74,3000         73,1000         67,2000         74,4100        
67,2000         74,4100         73,2000         67,3000         74,5200        
67,3000         74,5200         73,3000         67,4000         74,6300        
67,4000         74,6300         73,4000         67,5000         74,7400        
67,5000         74,7400         73,5000         67,6000         74,8500        
67,6000         74,8500         73,6000         67,7000         74,9600        
67,7000         74,9600         73,7000         67,8000         75,0700        
67,8000         75,0700         73,8000         67,9000         75,1800        
67,9000         75,1800         73,9000         68,0000         75,2900        
68,0000         75,2900         74,0000         68,1000         75,4000        
68,1000         75,4000         74,1000         68,2000         75,5100        
68,2000         75,5100         74,2000         68,3000         75,6200        
68,3000         75,6200         74,3000         68,4000         75,7300        
68,4000         75,7300         74,4000         68,5000         75,8400        
68,5000         75,8400         74,5000         68,6000         75,9500        
68,6000         75,9500         74,6000         68,7000         76,0600        
68,7000         76,0600         74,7000         68,8000         76,1700        
68,8000         76,1700         74,8000         68,9000         76,2800        
68,9000         76,2800         74,9000         69,0000         76,3900        
69,0000         76,3900         75,0000         69,1000         76,5000        
69,1000         76,5000         75,1000         69,2000         76,6100        
69,2000         76,6100         75,2000         69,3000         76,7200        
69,3000         76,7200         75,3000         69,4000         76,8300        
69,4000         76,8300         75,4000         69,5000         76,9400        
69,5000         76,9400         75,5000         69,6000         77,0500        
69,6000         77,0500         75,6000         69,7000         77,1600        
69,7000         77,1600         75,7000         69,8000         77,2700        
69,8000         77,2700         75,8000         69,9000         77,3800        
69,9000         77,3800         75,9000         70,0000         77,4900        
70,0000         77,4900         76,0000         70,1000         77,6000        
70,1000         77,6000         76,1000         70,2000         77,7100        
70,2000         77,7100         76,2000         70,3000         77,8200        
70,3000         77,8200         76,3000         70,4000         77,9300        
70,4000         77,9300         76,4000         70,5000         78,0400        
70,5000         78,0400         76,5000         70,6000         78,1500        
70,6000         78,1500         76,6000         70,7000         78,2600        
70,7000         78,2600         76,7000         70,8000         78,3700        
70,8000         78,3700         76,8000         70,9000         78,4800        
70,9000         78,4800         76,9000         71,0000         78,5900        
71,0000         78,5900         77,0000         71,1000         78,7000        
71,1000         78,7000         77,1000         71,2000         78,8100        
71,2000         78,8100         77,2000         71,3000         78,9200        
71,3000         78,9200         77,3000         71,4000         79,0300        
71,4000         79,0300         77,4000         71,5000         79,1400        
71,5000         79,1400         77,5000         71,6000         79,2500        
71,6000         79,2500         77,6000         71,7000         79,3600        
71,7000         79,3600         77,7000         71,8000         79,4700        
71,8000         79,4700         77,8000         71,9000         79,5800        
71,9000         79,5800         77,9000         72,0000         79,6900        
72,0000         79,6900         78,0000         72,1000         79,8000        
72,1000         79,8000         78,1000         72,2000         79,9100        
72,2000         79,9100         78,2000         72,3000         80,0200        
72,3000         80,0200         78,3000         72,4000         80,1300        
72,4000         80,1300         78,4000         72,5000         80,2400        
72,5000         80,2400         78,5000         72,6000         80,3500        
72,6000         80,3500         78,6000         72,7000         80,4600        
72,7000         80,4600         78,7000         72,8000         80,5700        
72,8000         80,5700         78,8000         72,9000         80,6800        
72,9000         80,6800         78,9000         73,0000         80,7900        
73,0000         80,7900         79,0000         73,1000         80,9000        
73,1000         80,9000         79,1000         73,2000         81,0100        
73,2000         81,0100         79,2000         73,3000         81,1200        
73,3000         81,1200         79,3000         73,4000         81,2300        
73,4000         81,2300         79,4000         73,5000         81,3400        
73,5000         81,3400         79,5000         73,6000         81,4500        
73,6000         81,4500         79,6000         73,7000         81,5600        
73,7000         81,5600         79,7000         73,8000         81,6700        
73,8000         81,6700         79,8000         73,9000         81,7800        
73,9000         81,7800         79,9000         74,0000         81,8900        
74,0000         81,8900         80,0000         74,1000         82,0000        
74,1000         82,0000         80,1000         74,2000         82,1100        
74,2000         82,1100         80,2000         74,3000         82,2200        
74,3000         82,2200         80,3000         74,4000         82,3300        
74,4000         82,3300         80,4000         74,5000         82,4400        
74,5000         82,4400         80,5000         74,6000         82,5500        
74,6000         82,5500         80,6000         74,7000         82,6600        
74,7000         82,6600         80,7000         74,8000         82,7700        
74,8000         82,7700         80,8000         74,9000         82,8800        
74,9000         82,8800         80,9000         75,0000         82,9900        
75,0000         82,9900         81,0000         75,1000         83,1000        
75,1000         83,1000         81,1000         75,2000         83,2100        
75,2000         83,2100         81,2000         75,3000         83,3200        
75,3000         83,3200         81,3000         75,4000         83,4300        
75,4000         83,4300         81,4000         75,5000         83,5400        
75,5000         83,5400         81,5000         75,6000         83,6500        
75,6000         83,6500         81,6000         75,7000         83,7600        
75,7000         83,7600         81,7000         75,8000         83,8700        
75,8000         83,8700         81,8000         75,9000         83,9800        
75,9000         83,9800         81,9000         76,0000         84,0900        
76,0000         84,0900         82,0000         76,1000         84,2000        
76,1000         84,2000         82,1000         76,2000         84,3100        
76,2000         84,3100         82,2000         76,3000         84,4200        
76,3000         84,4200         82,3000         76,4000         84,5300        
76,4000         84,5300         82,4000         76,5000         84,6400        
76,5000         84,6400         82,5000         76,6000         84,7500        
76,6000         84,7500         82,6000         76,7000         84,8600        
76,7000         84,8600         82,7000         76,8000         84,9700        
76,8000         84,9700         82,8000         76,9000         85,0800        
76,9000         85,0800         82,9000         77,0000         85,1900        
77,0000         85,1900         83,0000         77,1000         85,3000        
77,1000         85,3000         83,1000         77,2000         85,4100        
77,2000         85,4100         83,2000         77,3000         85,5200        
77,3000         85,5200         83,3000         77,4000         85,6300        
77,4000         85,6300         83,4000         77,5000         85,7400        
77,5000         85,7400         83,5000         77,6000         85,8500        
77,6000         85,8500         83,6000         77,7000         85,9600        
77,7000         85,9600         83,7000         77,8000         86,0700        
77,8000         86,0700         83,8000         77,9000         86,1800        
77,9000         86,1800         83,9000         78,0000         86,2900        
78,0000         86,2900         84,0000         78,1000         86,4000        
78,1000         86,4000         84,1000         78,2000         86,5100        
78,2000         86,5100         84,2000         78,3000         86,6200        
78,3000         86,6200         84,3000         78,4000         86,7300        
78,4000         86,7300         84,4000         78,5000         86,8400        
78,5000         86,8400         84,5000         78,6000         86,9500        
78,6000         86,9500         84,6000         78,7000         87,0600        
78,7000         87,0600         84,7000         78,8000         87,1700        
78,8000         87,1700         84,8000         78,9000         87,2800        
78,9000         87,2800         84,9000         79,0000         87,3900        
79,0000         87,3900         85,0000         79,1000         87,5000        
79,1000         87,5000         85,1000         79,2000         87,6100        
79,2000         87,6100         85,2000         79,3000         87,7200        
79,3000         87,7200         85,3000         79,4000         87,8300        
79,4000         87,8300         85,4000         79,5000         87,9400        
79,5000         87,9400         85,5000         79,6000         88,0500        
79,6000         88,0500         85,6000         79,7000         88,1600        
79,7000         88,1600         85,7000         79,8000         88,2700        
79,8000         88,2700         85,8000         79,9000         88,3800        
79,9000         88,3800         85,9000         80,0000         88,4900        
80,0000         88,4900         86,0000         80,1000         88,6000        
80,1000         88,6000         86,1000         80,2000         88,7100        
80,2000         88,7100         86,2000         80,3000         88,8200        
80,3000         88,8200         86,3000         80,4000         88,9300        
80,4000         88,9300         86,4000         80,5000         89,0400        
80,5000         89,0400         86,5000         80,6000         89,1500        
80,6000         89,1500         86,6000         80,7000         89,2600        
80,7000         89,2600         86,7000         80,8000         89,3700        
80,8000         89,3700         86,8000         80,9000         89,4800        
80,9000         89,4800         86,9000         81,0000         89,5900        
81,0000         89,5900         87,0000         81,1000         89,7000        
81,1000         89,7000         87,1000         81,2000         89,8100        
81,2000         89,8100         87,2000         81,3000         89,9200        
81,3000         89,9200         87,3000         81,4000         90,0300        
81,4000         90,0300         87,4000         81,5000         90,1400        
81,5000         90,1400         87,5000         81,6000         90,2500        
81,6000         90,2500         87,6000         81,7000         90,3600        
81,7000         90,3600         87,7000         81,8000         90,4700        
81,8000         90,4700         87,8000         81,9000         90,5800        
81,9000         90,5800         87,9000         82,0000         90,6900        
82,0000         90,6900         88,0000         82,1000         90,8000        
82,1000         90,8000         88,1000         82,2000         90,9100        
82,2000         90,9100         88,2000         82,3000         91,0200        
82,3000         91,0200         88,3000         82,4000         91,1300        
82,4000         91,1300         88,4000         82,5000         91,2400        
82,5000         91,2400         88,5000         82,6000         91,3500        
82,6000         91,3500         88,6000         82,7000         91,4600        
82,7000         91,4600         88,7000         82,8000         91,5700        
82,8000         91,5700         88,8000         82,9000         91,6800        
82,9000         91,6800         88,9000         83,0000         91,7900        
83,0000         91,7900         89,0000         83,1000         91,9000        
83,1000         91,9000         89,1000         83,2000         92,0100        
83,2000         92,0100         89,2000         83,3000         92,1200        
83,3000         92,1200         89,3000         83,4000         92,2300        
83,4000         92,2300         89,4000         83,5000         92,3400        
83,5000         92,3400         89,5000         83,6000         92,4500        
83,6000         92,4500         89,6000         83,7000         92,5600        
83,7000         92,5600         89,7000         83,8000         92,6700        
83,8000         92,6700         89,8000         83,9000         92,7800        
83,9000         92,7800         89,9000         84,0000         92,8900        
84,0000         92,8900         90,0000         84,1000         93,0000        
84,1000         93,0000         90,1000         84,2000         93,1100        
84,2000         93,1100         90,2000         84,3000         93,2200        
84,3000         93,2200         90,3000         84,4000         93,3300        
84,4000         93,3300         90,4000         84,5000         93,4400        
84,5000         93,4400         90,5000         84,6000         93,5500        
84,6000         93,5500         90,6000         84,7000         93,6600        
84,7000         93,6600         90,7000         84,8000         93,7700        
84,8000         93,7700         90,8000         84,9000         93,8800        
84,9000         93,8800         90,9000         85,0000         93,9900        
85,0000         93,9900         91,0000         85,1000         94,1000        
85,1000         94,1000         91,1000         85,2000         94,2100        
85,2000         94,2100         91,2000         85,3000         94,3200        
85,3000         94,3200         91,3000         85,4000         94,4300        
85,4000         94,4300         91,4000         85,5000         94,5400        
85,5000         94,5400         91,5000         85,6000         94,6500        
85,6000         94,6500         91,6000         85,7000         94,7600        
85,7000         94,7600         91,7000         85,8000         94,8700        
85,8000         94,8700         91,8000         85,9000         94,9800        
85,9000         94,9800         91,9000         86,0000         95,0900        
86,0000         95,0900         92,0000         86,1000         95,2000        
86,1000         95,2000         92,1000         86,2000         95,3100        
86,2000         95,3100         92,2000         86,3000         95,4200        
86,3000         95,4200         92,3000         86,4000         95,5300        
86,4000         95,5300         92,4000         86,5000         95,6400        
86,5000         95,6400         92,5000         86,6000         95,7500        
86,6000         95,7500         92,6000         86,7000         95,8600        
86,7000         95,8600         92,7000         86,8000         95,9700        
86,8000         95,9700         92,8000         86,9000         96,0800        
86,9000         96,0800         92,9000         87,0000         96,1900        
87,0000         96,1900         93,0000         87,1000         96,3000        
87,1000         96,3000         93,1000         87,2000         96,4100        
87,2000         96,4100         93,2000         87,3000         96,5200        
87,3000         96,5200         93,3000         87,4000         96,6300        
87,4000         96,6300         93,4000         87,5000         96,7400        
87,5000         96,7400         93,5000         87,6000         96,8500        
87,6000         96,8500         93,6000         87,7000         96,9600        
87,7000         96,9600         93,7000         87,8000         97,0700        
87,8000         97,0700         93,8000         87,9000         97,1800        
87,9000         97,1800         93,9000         88,0000         97,2900        
88,0000         97,2900         94,0000         88,1000         97,4000        
88,1000         97,4000         94,1000         88,2000         97,5100        
88,2000         97,5100         94,2000         88,3000         97,6200        
88,3000         97,6200         94,3000         88,4000         97,7300        
88,4000         97,7300         94,4000         88,5000         97,8400        
88,5000         97,8400         94,5000         88,6000         97,9500        
88,6000         97,9500         94,6000         88,7000         98,0600        
88,7000         98,0600         94,7000         88,8000         98,1700        
88,8000         98,1700         94,8000         88,9000         98,2800        
88,9000         98,2800         94,9000         89,0000         98,3900        
89,0000         98,3900         95,0000         89,1000         98,5000        
89,1000         98,5000         95,1000         89,2000         98,6100        
89,2000         98,6100         95,2000         89,3000         98,7200        
89,3000         98,7200         95,3000         89,4000         98,8300        
89,4000         98,8300         95,4000         89,5000         98,9400        
89,5000         98,9400         95,5000         89,6000         99,0500        
89,6000         99,0500         95,6000         89,7000         99,1600        
89,7000         99,1600         95,7000         89,8000         99,2700        
89,8000         99,2700         95,8000         89,9000         99,3800        
89,9000         99,3800         95,9000         90,0000         99,4900        
90,0000         99,4900         96,0000         90,1000         99,6000        
90,1000         99,6000         96,1000         90,2000         99,7100        
90,2000         99,7100         96,2000         90,3000         99,8200        
90,3000         99,8200         96,3000         90,4000         99,9300        
90,4000         99,9300         96,4000         90,5000         100,0400       
90,5000         100,0400        96,5000         90,6000         100,1500       
