ti              Di              dD/dt           ti+1            Di+1           
0,0000          0,0000          6,6000          0,1000          0,6600         
0,1000          0,6600          6,7000          0,2000          0,7700         
0,2000          0,7700          6,8000          0,3000          0,8800         
0,3000          0,8800          6,9000          0,4000          0,9900         
0,4000          0,9900          7,0000          0,5000          1,1000         
0,5000          1,1000          7,1000          0,6000          1,2100         
0,6000          1,2100          7,2000          0,7000          1,3200         
0,7000          1,3200          7,3000          0,8000          1,4300         
0,8000          1,4300          7,4000          0,9000          1,5400         
0,9000          1,5400          7,5000          1,0000          1,6500         
1,0000          1,6500          7,6000          1,1000          1,7600         
1,1000          1,7600          7,7000          1,2000          1,8700         
1,2000          1,8700          7,8000          1,3000          1,9800         
1,3000          1,9800          7,9000          1,4000          2,0900         
1,4000          2,0900          8,0000          1,5000          2,2000         
1,5000          2,2000          8,1000          1,6000          2,3100         
1,6000          2,3100          8,2000          1,7000          2,4200         
1,7000          2,4200          8,3000          1,8000          2,5300         
1,8000          2,5300          8,4000          1,9000          2,6400         
1,9000          2,6400          8,5000          2,0000          2,7500         
2,0000          2,7500          8,6000          2,1000          2,8600         
2,1000          2,8600          8,7000          2,2000          2,9700         
2,2000          2,9700          8,8000          2,3000          3,0800         
2,3000          3,0800          8,9000          2,4000          3,1900         
2,4000          3,1900          9,0000          2,5000          3,3000         
2,5000          3,3000          9,1000          2,6000          3,4100         
2,6000          3,4100          9,2000          2,7000          3,5200         
2,7000          3,5200          9,3000          2,8000          3,6300         
2,8000          3,6300          9,4000          2,9000          3,7400         
2,9000          3,7400          9,5000          3,0000          3,8500         
3,0000          3,8500          9,6000          3,1000          3,9600         
3,1000          3,9600          9,7000          3,2000          4,0700         
3,2000          4,0700          9,8000          3,3000          4,1800         
3,3000          4,1800          9,9000          3,4000          4,2900         
3,4000          4,2900          10,0000         3,5000          4,4000         
3,5000          4,4000          10,1000         3,6000          4,5100         
3,6000          4,5100          10,2000         3,7000          4,6200         
3,7000          4,6200          10,3000         3,8000          4,7300         
3,8000          4,7300          10,4000         3,9000          4,8400         
3,9000          4,8400          10,5000         4,0000          4,9500         
4,0000          4,9500          10,6000         4,1000          5,0600         
4,1000          5,0600          10,7000         4,2000          5,1700         
4,2000          5,1700          10,8000         4,3000          5,2800         
4,3000          5,2800          10,9000         4,4000          5,3900         
4,4000          5,3900          11,0000         4,5000          5,5000         
4,5000          5,5000          11,1000         4,6000          5,6100         
4,6000          5,6100          11,2000         4,7000          5,7200         
4,7000          5,7200          11,3000         4,8000          5,8300         
4,8000          5,8300          11,4000         4,9000          5,9400         
4,9000          5,9400          11,5000         5,0000          6,0500         
5,0000          6,0500          11,6000         5,1000          6,1600         
5,1000          6,1600          11,7000         5,2000          6,2700         
5,2000          6,2700          11,8000         5,3000          6,3800         
5,3000          6,3800          11,9000         5,4000          6,4900         
5,4000          6,4900          12,0000         5,5000          6,6000         
5,5000          6,6000          12,1000         5,6000          6,7100         
5,6000          6,7100          12,2000         5,7000          6,8200         
5,7000          6,8200          12,3000         5,8000          6,9300         
5,8000          6,9300          12,4000         5,9000          7,0400         
5,9000          7,0400          12,5000         6,0000          7,1500         
6,0000          7,1500          12,6000         6,1000          7,2600         
6,1000          7,2600          12,7000         6,2000          7,3700         
6,2000          7,3700          12,8000         6,3000          7,4800         
6,3000          7,4800          12,9000         6,4000          7,5900         
6,4000          7,5900          13,0000         6,5000          7,7000         
6,5000          7,7000          13,1000         6,6000          7,8100         
6,6000          7,8100          13,2000         6,7000          7,9200         
6,7000          7,9200          13,3000         6,8000          8,0300         
6,8000          8,0300          13,4000         6,9000          8,1400         
6,9000          8,1400          13,5000         7,0000          8,2500         
7,0000          8,2500          13,6000         7,1000          8,3600         
7,1000          8,3600          13,7000         7,2000          8,4700         
7,2000          8,4700          13,8000         7,3000          8,5800         
7,3000          8,5800          13,9000         7,4000          8,6900         
7,4000          8,6900          14,0000         7,5000          8,8000         
7,5000          8,8000          14,1000         7,6000          8,9100         
7,6000          8,9100          14,2000         7,7000          9,0200         
7,7000          9,0200          14,3000         7,8000          9,1300         
7,8000          9,1300          14,4000         7,9000          9,2400         
7,9000          9,2400          14,5000         8,0000          9,3500         
8,0000          9,3500          14,6000         8,1000          9,4600         
8,1000          9,4600          14,7000         8,2000          9,5700         
8,2000          9,5700          14,8000         8,3000          9,6800         
8,3000          9,6800          14,9000         8,4000          9,7900         
8,4000          9,7900          15,0000         8,5000          9,9000         
8,5000          9,9000          15,1000         8,6000          10,0100        
8,6000          10,0100         15,2000         8,7000          10,1200        
8,7000          10,1200         15,3000         8,8000          10,2300        
8,8000          10,2300         15,4000         8,9000          10,3400        
8,9000          10,3400         15,5000         9,0000          10,4500        
9,0000          10,4500         15,6000         9,1000          10,5600        
9,1000          10,5600         15,7000         9,2000          10,6700        
9,2000          10,6700         15,8000         9,3000          10,7800        
9,3000          10,7800         15,9000         9,4000          10,8900        
9,4000          10,8900         16,0000         9,5000          11,0000        
9,5000          11,0000         16,1000         9,6000          11,1100        
9,6000          11,1100         16,2000         9,7000          11,2200        
9,7000          11,2200         16,3000         9,8000          11,3300        
9,8000          11,3300         16,4000         9,9000          11,4400        
9,9000          11,4400         16,5000         10,0000         11,5500        
10,0000         11,5500         16,6000         10,1000         11,6600        
10,1000         11,6600         16,7000         10,2000         11,7700        
10,2000         11,7700         16,8000         10,3000         11,8800        
10,3000         11,8800         16,9000         10,4000         11,9900        
10,4000         11,9900         17,0000         10,5000         12,1000        
10,5000         12,1000         17,1000         10,6000         12,2100        
10,6000         12,2100         17,2000         10,7000         12,3200        
10,7000         12,3200         17,3000         10,8000         12,4300        
10,8000         12,4300         17,4000         10,9000         12,5400        
10,9000         12,5400         17,5000         11,0000         12,6500        
11,0000         12,6500         17,6000         11,1000         12,7600        
11,1000         12,7600         17,7000         11,2000         12,8700        
11,2000         12,8700         17,8000         11,3000         12,9800        
11,3000         12,9800         17,9000         11,4000         13,0900        
11,4000         13,0900         18,0000         11,5000         13,2000        
11,5000         13,2000         18,1000         11,6000         13,3100        
11,6000         13,3100         18,2000         11,7000         13,4200        
11,7000         13,4200         18,3000         11,8000         13,5300        
11,8000         13,5300         18,4000         11,9000         13,6400        
11,9000         13,6400         18,5000         12,0000         13,7500        
12,0000         13,7500         18,6000         12,1000         13,8600        
12,1000         13,8600         18,7000         12,2000         13,9700        
12,2000         13,9700         18,8000         12,3000         14,0800        
12,3000         14,0800         18,9000         12,4000         14,1900        
12,4000         14,1900         19,0000         12,5000         14,3000        
12,5000         14,3000         19,1000         12,6000         14,4100        
12,6000         14,4100         19,2000         12,7000         14,5200        
12,7000         14,5200         19,3000         12,8000         14,6300        
12,8000         14,6300         19,4000         12,9000         14,7400        
12,9000         14,7400         19,5000         13,0000         14,8500        
13,0000         14,8500         19,6000         13,1000         14,9600        
13,1000         14,9600         19,7000         13,2000         15,0700        
13,2000         15,0700         19,8000         13,3000         15,1800        
13,3000         15,1800         19,9000         13,4000         15,2900        
13,4000         15,2900         20,0000         13,5000         15,4000        
13,5000         15,4000         20,1000         13,6000         15,5100        
13,6000         15,5100         20,2000         13,7000         15,6200        
13,7000         15,6200         20,3000         13,8000         15,7300        
13,8000         15,7300         20,4000         13,9000         15,8400        
13,9000         15,8400         20,5000         14,0000         15,9500        
14,0000         15,9500         20,6000         14,1000         16,0600        
14,1000         16,0600         20,7000         14,2000         16,1700        
14,2000         16,1700         20,8000         14,3000         16,2800        
14,3000         16,2800         20,9000         14,4000         16,3900        
14,4000         16,3900         21,0000         14,5000         16,5000        
14,5000         16,5000         21,1000         14,6000         16,6100        
14,6000         16,6100         21,2000         14,7000         16,7200        
14,7000         16,7200         21,3000         14,8000         16,8300        
14,8000         16,8300         21,4000         14,9000         16,9400        
14,9000         16,9400         21,5000         15,0000         17,0500        
15,0000         17,0500         21,6000         15,1000         17,1600        
15,1000         17,1600         21,7000         15,2000         17,2700        
15,2000         17,2700         21,8000         15,3000         17,3800        
15,3000         17,3800         21,9000         15,4000         17,4900        
15,4000         17,4900         22,0000         15,5000         17,6000        
15,5000         17,6000         22,1000         15,6000         17,7100        
15,6000         17,7100         22,2000         15,7000         17,8200        
15,7000         17,8200         22,3000         15,8000         17,9300        
15,8000         17,9300         22,4000         15,9000         18,0400        
15,9000         18,0400         22,5000         16,0000         18,1500        
16,0000         18,1500         22,6000         16,1000         18,2600        
16,1000         18,2600         22,7000         16,2000         18,3700        
16,2000         18,3700         22,8000         16,3000         18,4800        
16,3000         18,4800         22,9000         16,4000         18,5900        
16,4000         18,5900         23,0000         16,5000         18,7000        
16,5000         18,7000         23,1000         16,6000         18,8100        
16,6000         18,8100         23,2000         16,7000         18,9200        
16,7000         18,9200         23,3000         16,8000         19,0300        
16,8000         19,0300         23,4000         16,9000         19,1400        
16,9000         19,1400         23,5000         17,0000         19,2500        
17,0000         19,2500         23,6000         17,1000         19,3600        
17,1000         19,3600         23,7000         17,2000         19,4700        
17,2000         19,4700         23,8000         17,3000         19,5800        
17,3000         19,5800         23,9000         17,4000         19,6900        
17,4000         19,6900         24,0000         17,5000         19,8000        
17,5000         19,8000         24,1000         17,6000         19,9100        
17,6000         19,9100         24,2000         17,7000         20,0200        
17,7000         20,0200         24,3000         17,8000         20,1300        
17,8000         20,1300         24,4000         17,9000         20,2400        
17,9000         20,2400         24,5000         18,0000         20,3500        
18,0000         20,3500         24,6000         18,1000         20,4600        
18,1000         20,4600         24,7000         18,2000         20,5700        
18,2000         20,5700         24,8000         18,3000         20,6800        
18,3000         20,6800         24,9000         18,4000         20,7900        
18,4000         20,7900         25,0000         18,5000         20,9000        
18,5000         20,9000         25,1000         18,6000         21,0100        
18,6000         21,0100         25,2000         18,7000         21,1200        
18,7000         21,1200         25,3000         18,8000         21,2300        
18,8000         21,2300         25,4000         18,9000         21,3400        
18,9000         21,3400         25,5000         19,0000         21,4500        
19,0000         21,4500         25,6000         19,1000         21,5600        
19,1000         21,5600         25,7000         19,2000         21,6700        
19,2000         21,6700         25,8000         19,3000         21,7800        
19,3000         21,7800         25,9000         19,4000         21,8900        
19,4000         21,8900         26,0000         19,5000         22,0000        
19,5000         22,0000         26,1000         19,6000         22,1100        
19,6000         22,1100         26,2000         19,7000         22,2200        
19,7000         22,2200         26,3000         19,8000         22,3300        
19,8000         22,3300         26,4000         19,9000         22,4400        
19,9000         22,4400         26,5000         20,0000         22,5500        
20,0000         22,5500         26,6000         20,1000         22,6600        
20,1000         22,6600         26,7000         20,2000         22,7700        
20,2000         22,7700         26,8000         20,3000         22,8800        
20,3000         22,8800         26,9000         20,4000         22,9900        
20,4000         22,9900         27,0000         20,5000         23,1000        
20,5000         23,1000         27,1000         20,6000         23,2100        
20,6000         23,2100         27,2000         20,7000         23,3200        
20,7000         23,3200         27,3000         20,8000         23,4300        
20,8000         23,4300         27,4000         20,9000         23,5400        
20,9000         23,5400         27,5000         21,0000         23,6500        
21,0000         23,6500         27,6000         21,1000         23,7600        
21,1000         23,7600         27,7000         21,2000         23,8700        
21,2000         23,8700         27,8000         21,3000         23,9800        
21,3000         23,9800         27,9000         21,4000         24,0900        
21,4000         24,0900         28,0000         21,5000         24,2000        
21,5000         24,2000         28,1000         21,6000         24,3100        
21,6000         24,3100         28,2000         21,7000         24,4200        
21,7000         24,4200         28,3000         21,8000         24,5300        
21,8000         24,5300         28,4000         21,9000         24,6400        
21,9000         24,6400         28,5000         22,0000         24,7500        
22,0000         24,7500         28,6000         22,1000         24,8600        
22,1000         24,8600         28,7000         22,2000         24,9700        
22,2000         24,9700         28,8000         22,3000         25,0800        
22,3000         25,0800         28,9000         22,4000         25,1900        
22,4000         25,1900         29,0000         22,5000         25,3000        
22,5000         25,3000         29,1000         22,6000         25,4100        
22,6000         25,4100         29,2000         22,7000         25,5200        
22,7000         25,5200         29,3000         22,8000         25,6300        
22,8000         25,6300         29,4000         22,9000         25,7400        
22,9000         25,7400         29,5000         23,0000         25,8500        
23,0000         25,8500         29,6000         23,1000         25,9600        
23,1000         25,9600         29,7000         23,2000         26,0700        
23,2000         26,0700         29,8000         23,3000         26,1800        
23,3000         26,1800         29,9000         23,4000         26,2900        
23,4000         26,2900         30,0000         23,5000         26,4000        
23,5000         26,4000         30,1000         23,6000         26,5100        
23,6000         26,5100         30,2000         23,7000         26,6200        
23,7000         26,6200         30,3000         23,8000         26,7300        
23,8000         26,7300         30,4000         23,9000         26,8400        
23,9000         26,8400         30,5000         24,0000         26,9500        
24,0000         26,9500         30,6000         24,1000         27,0600        
24,1000         27,0600         30,7000         24,2000         27,1700        
24,2000         27,1700         30,8000         24,3000         27,2800        
24,3000         27,2800         30,9000         24,4000         27,3900        
24,4000         27,3900         31,0000         24,5000         27,5000        
24,5000         27,5000         31,1000         24,6000         27,6100        
24,6000         27,6100         31,2000         24,7000         27,7200        
24,7000         27,7200         31,3000         24,8000         27,8300        
24,8000         27,8300         31,4000         24,9000         27,9400        
24,9000         27,9400         31,5000         25,0000         28,0500        
25,0000         28,0500         31,6000         25,1000         28,1600        
25,1000         28,1600         31,7000         25,2000         28,2700        
25,2000         28,2700         31,8000         25,3000         28,3800        
25,3000         28,3800         31,9000         25,4000         28,4900        
25,4000         28,4900         32,0000         25,5000         28,6000        
25,5000         28,6000         32,1000         25,6000         28,7100        
25,6000         28,7100         32,2000         25,7000         28,8200        
25,7000         28,8200         32,3000         25,8000         28,9300        
25,8000         28,9300         32,4000         25,9000         29,0400        
25,9000         29,0400         32,5000         26,0000         29,1500        
26,0000         29,1500         32,6000         26,1000         29,2600        
26,1000         29,2600         32,7000         26,2000         29,3700        
26,2000         29,3700         32,8000         26,3000         29,4800        
26,3000         29,4800         32,9000         26,4000         29,5900        
26,4000         29,5900         33,0000         26,5000         29,7000        
26,5000         29,7000         33,1000         26,6000         29,8100        
26,6000         29,8100         33,2000         26,7000         29,9200        
26,7000         29,9200         33,3000         26,8000         30,0300        
26,8000         30,0300         33,4000         26,9000         30,1400        
26,9000         30,1400         33,5000         27,0000         30,2500        
27,0000         30,2500         33,6000         27,1000         30,3600        
27,1000         30,3600         33,7000         27,2000         30,4700        
27,2000         30,4700         33,8000         27,3000         30,5800        
27,3000         30,5800         33,9000         27,4000         30,6900        
27,4000         30,6900         34,0000         27,5000         30,8000        
27,5000         30,8000         34,1000         27,6000         30,9100        
27,6000         30,9100         34,2000         27,7000         31,0200        
27,7000         31,0200         34,3000         27,8000         31,1300        
27,8000         31,1300         34,4000         27,9000         31,2400        
27,9000         31,2400         34,5000         28,0000         31,3500        
28,0000         31,3500         34,6000         28,1000         31,4600        
28,1000         31,4600         34,7000         28,2000         31,5700        
28,2000         31,5700         34,8000         28,3000         31,6800        
28,3000         31,6800         34,9000         28,4000         31,7900        
28,4000         31,7900         35,0000         28,5000         31,9000        
28,5000         31,9000         35,1000         28,6000         32,0100        
28,6000         32,0100         35,2000         28,7000         32,1200        
28,7000         32,1200         35,3000         28,8000         32,2300        
28,8000         32,2300         35,4000         28,9000         32,3400        
28,9000         32,3400         35,5000         29,0000         32,4500        
29,0000         32,4500         35,6000         29,1000         32,5600        
29,1000         32,5600         35,7000         29,2000         32,6700        
29,2000         32,6700         35,8000         29,3000         32,7800        
29,3000         32,7800         35,9000         29,4000         32,8900        
29,4000         32,8900         36,0000         29,5000         33,0000        
29,5000         33,0000         36,1000         29,6000         33,1100        
29,6000         33,1100         36,2000         29,7000         33,2200        
29,7000         33,2200         36,3000         29,8000         33,3300        
29,8000         33,3300         36,4000         29,9000         33,4400        
29,9000         33,4400         36,5000         30,0000         33,5500        
30,0000         33,5500         36,6000         30,1000         33,6600        
30,1000         33,6600         36,7000         30,2000         33,7700        
30,2000         33,7700         36,8000         30,3000         33,8800        
30,3000         33,8800         36,9000         30,4000         33,9900        
30,4000         33,9900         37,0000         30,5000         34,1000        
30,5000         34,1000         37,1000         30,6000         34,2100        
30,6000         34,2100         37,2000         30,7000         34,3200        
30,7000         34,3200         37,3000         30,8000         34,4300        
30,8000         34,4300         37,4000         30,9000         34,5400        
30,9000         34,5400         37,5000         31,0000         34,6500        
31,0000         34,6500         37,6000         31,1000         34,7600        
31,1000         34,7600         37,7000         31,2000         34,8700        
31,2000         34,8700         37,8000         31,3000         34,9800        
31,3000         34,9800         37,9000         31,4000         35,0900        
31,4000         35,0900         38,0000         31,5000         35,2000        
31,5000         35,2000         38,1000         31,6000         35,3100        
31,6000         35,3100         38,2000         31,7000         35,4200        
31,7000         35,4200         38,3000         31,8000         35,5300        
31,8000         35,5300         38,4000         31,9000         35,6400        
31,9000         35,6400         38,5000         32,0000         35,7500        
32,0000         35,7500         38,6000         32,1000         35,8600        
32,1000         35,8600         38,7000         32,2000         35,9700        
32,2000         35,9700         38,8000         32,3000         36,0800        
32,3000         36,0800         38,9000         32,4000         36,1900        
32,4000         36,1900         39,0000         32,5000         36,3000        
32,5000         36,3000         39,1000         32,6000         36,4100        
32,6000         36,4100         39,2000         32,7000         36,5200        
32,7000         36,5200         39,3000         32,8000         36,6300        
32,8000         36,6300         39,4000         32,9000         36,7400        
32,9000         36,7400         39,5000         33,0000         36,8500        
33,0000         36,8500         39,6000         33,1000         36,9600        
33,1000         36,9600         39,7000         33,2000         37,0700        
33,2000         37,0700         39,8000         33,3000         37,1800        
33,3000         37,1800         39,9000         33,4000         37,2900        
33,4000         37,2900         40,0000         33,5000         37,4000        
33,5000         37,4000         40,1000         33,6000         37,5100        
33,6000         37,5100         40,2000         33,7000         37,6200        
33,7000         37,6200         40,3000         33,8000         37,7300        
33,8000         37,7300         40,4000         33,9000         37,8400        
33,9000         37,8400         40,5000         34,0000         37,9500        
34,0000         37,9500         40,6000         34,1000         38,0600        
34,1000         38,0600         40,7000         34,2000         38,1700        
34,2000         38,1700         40,8000         34,3000         38,2800        
34,3000         38,2800         40,9000         34,4000         38,3900        
34,4000         38,3900         41,0000         34,5000         38,5000        
34,5000         38,5000         41,1000         34,6000         38,6100        
34,6000         38,6100         41,2000         34,7000         38,7200        
34,7000         38,7200         41,3000         34,8000         38,8300        
34,8000         38,8300         41,4000         34,9000         38,9400        
34,9000         38,9400         41,5000         35,0000         39,0500        
35,0000         39,0500         41,6000         35,1000         39,1600        
35,1000         39,1600         41,7000         35,2000         39,2700        
35,2000         39,2700         41,8000         35,3000         39,3800        
35,3000         39,3800         41,9000         35,4000         39,4900        
35,4000         39,4900         42,0000         35,5000         39,6000        
35,5000         39,6000         42,1000         35,6000         39,7100        
35,6000         39,7100         42,2000         35,7000         39,8200        
35,7000         39,8200         42,3000         35,8000         39,9300        
35,8000         39,9300         42,4000         35,9000         40,0400        
35,9000         40,0400         42,5000         36,0000         40,1500        
36,0000         40,1500         42,6000         36,1000         40,2600        
36,1000         40,2600         42,7000         36,2000         40,3700        
36,2000         40,3700         42,8000         36,3000         40,4800        
36,3000         40,4800         42,9000         36,4000         40,5900        
36,4000         40,5900         43,0000         36,5000         40,7000        
36,5000         40,7000         43,1000         36,6000         40,8100        
36,6000         40,8100         43,2000         36,7000         40,9200        
36,7000         40,9200         43,3000         36,8000         41,0300        
36,8000         41,0300         43,4000         36,9000         41,1400        
36,9000         41,1400         43,5000         37,0000         41,2500        
37,0000         41,2500         43,6000         37,1000         41,3600        
37,1000         41,3600         43,7000         37,2000         41,4700        
37,2000         41,4700         43,8000         37,3000         41,5800        
37,3000         41,5800         43,9000         37,4000         41,6900        
37,4000         41,6900         44,0000         37,5000         41,8000        
37,5000         41,8000         44,1000         37,6000         41,9100        
37,6000         41,9100         44,2000         37,7000         42,0200        
37,7000         42,0200         44,3000         37,8000         42,1300        
37,8000         42,1300         44,4000         37,9000         42,2400        
37,9000         42,2400         44,5000         38,0000         42,3500        
38,0000         42,3500         44,6000         38,1000         42,4600        
38,1000         42,4600         44,7000         38,2000         42,5700        
38,2000         42,5700         44,8000         38,3000         42,6800        
38,3000         42,6800         44,9000         38,4000         42,7900        
38,4000         42,7900         45,0000         38,5000         42,9000        
38,5000         42,9000         45,1000         38,6000         43,0100        
38,6000         43,0100         45,2000         38,7000         43,1200        
38,7000         43,1200         45,3000         38,8000         43,2300        
38,8000         43,2300         45,4000         38,9000         43,3400        
38,9000         43,3400         45,5000         39,0000         43,4500        
39,0000         43,4500         45,6000         39,1000         43,5600        
39,1000         43,5600         45,7000         39,2000         43,6700        
39,2000         43,6700         45,8000         39,3000         43,7800        
39,3000         43,7800         45,9000         39,4000         43,8900        
39,4000         43,8900         46,0000         39,5000         44,0000        
39,5000         44,0000         46,1000         39,6000         44,1100        
39,6000         44,1100         46,2000         39,7000         44,2200        
39,7000         44,2200         46,3000         39,8000         44,3300        
39,8000         44,3300         46,4000         39,9000         44,4400        
39,9000         44,4400         46,5000         40,0000         44,5500        
40,0000         44,5500         46,6000         40,1000         44,6600        
40,1000         44,6600         46,7000         40,2000         44,7700        
40,2000         44,7700         46,8000         40,3000         44,8800        
40,3000         44,8800         46,9000         40,4000         44,9900        
40,4000         44,9900         47,0000         40,5000         45,1000        
40,5000         45,1000         47,1000         40,6000         45,2100        
40,6000         45,2100         47,2000         40,7000         45,3200        
40,7000         45,3200         47,3000         40,8000         45,4300        
40,8000         45,4300         47,4000         40,9000         45,5400        
40,9000         45,5400         47,5000         41,0000         45,6500        
41,0000         45,6500         47,6000         41,1000         45,7600        
41,1000         45,7600         47,7000         41,2000         45,8700        
41,2000         45,8700         47,8000         41,3000         45,9800        
41,3000         45,9800         47,9000         41,4000         46,0900        
41,4000         46,0900         48,0000         41,5000         46,2000        
41,5000         46,2000         48,1000         41,6000         46,3100        
41,6000         46,3100         48,2000         41,7000         46,4200        
41,7000         46,4200         48,3000         41,8000         46,5300        
41,8000         46,5300         48,4000         41,9000         46,6400        
41,9000         46,6400         48,5000         42,0000         46,7500        
42,0000         46,7500         48,6000         42,1000         46,8600        
42,1000         46,8600         48,7000         42,2000         46,9700        
42,2000         46,9700         48,8000         42,3000         47,0800        
42,3000         47,0800         48,9000         42,4000         47,1900        
42,4000         47,1900         49,0000         42,5000         47,3000        
42,5000         47,3000         49,1000         42,6000         47,4100        
42,6000         47,4100         49,2000         42,7000         47,5200        
42,7000         47,5200         49,3000         42,8000         47,6300        
42,8000         47,6300         49,4000         42,9000         47,7400        
42,9000         47,7400         49,5000         43,0000         47,8500        
43,0000         47,8500         49,6000         43,1000         47,9600        
43,1000         47,9600         49,7000         43,2000         48,0700        
43,2000         48,0700         49,8000         43,3000         48,1800        
43,3000         48,1800         49,9000         43,4000         48,2900        
43,4000         48,2900         50,0000         43,5000         48,4000        
43,5000         48,4000         50,1000         43,6000         48,5100        
43,6000         48,5100         50,2000         43,7000         48,6200        
43,7000         48,6200         50,3000         43,8000         48,7300        
43,8000         48,7300         50,4000         43,9000         48,8400        
43,9000         48,8400         50,5000         44,0000         48,9500        
44,0000         48,9500         50,6000         44,1000         49,0600        
44,1000         49,0600         50,7000         44,2000         49,1700        
44,2000         49,1700         50,8000         44,3000         49,2800        
44,3000         49,2800         50,9000         44,4000         49,3900        
44,4000         49,3900         51,0000         44,5000         49,5000        
44,5000         49,5000         51,1000         44,6000         49,6100        
44,6000         49,6100         51,2000         44,7000         49,7200        
44,7000         49,7200         51,3000         44,8000         49,8300        
44,8000         49,8300         51,4000         44,9000         49,9400        
44,9000         49,9400         51,5000         45,0000         50,0500        
45,0000         50,0500         51,6000         45,1000         50,1600        
45,1000         50,1600         51,7000         45,2000         50,2700        
45,2000         50,2700         51,8000         45,3000         50,3800        
45,3000         50,3800         51,9000         45,4000         50,4900        
45,4000         50,4900         52,0000         45,5000         50,6000        
45,5000         50,6000         52,1000         45,6000         50,7100        
45,6000         50,7100         52,2000         45,7000         50,8200        
45,7000         50,8200         52,3000         45,8000         50,9300        
45,8000         50,9300         52,4000         45,9000         51,0400        
45,9000         51,0400         52,5000         46,0000         51,1500        
46,0000         51,1500         52,6000         46,1000         51,2600        
46,1000         51,2600         52,7000         46,2000         51,3700        
46,2000         51,3700         52,8000         46,3000         51,4800        
46,3000         51,4800         52,9000         46,4000         51,5900        
46,4000         51,5900         53,0000         46,5000         51,7000        
46,5000         51,7000         53,1000         46,6000         51,8100        
46,6000         51,8100         53,2000         46,7000         51,9200        
46,7000         51,9200         53,3000         46,8000         52,0300        
46,8000         52,0300         53,4000         46,9000         52,1400        
46,9000         52,1400         53,5000         47,0000         52,2500        
47,0000         52,2500         53,6000         47,1000         52,3600        
47,1000         52,3600         53,7000         47,2000         52,4700        
47,2000         52,4700         53,8000         47,3000         52,5800        
47,3000         52,5800         53,9000         47,4000         52,6900        
47,4000         52,6900         54,0000         47,5000         52,8000        
47,5000         52,8000         54,1000         47,6000         52,9100        
47,6000         52,9100         54,2000         47,7000         53,0200        
47,7000         53,0200         54,3000         47,8000         53,1300        
47,8000         53,1300         54,4000         47,9000         53,2400        
47,9000         53,2400         54,5000         48,0000         53,3500        
48,0000         53,3500         54,6000         48,1000         53,4600        
48,1000         53,4600         54,7000         48,2000         53,5700        
48,2000         53,5700         54,8000         48,3000         53,6800        
48,3000         53,6800         54,9000         48,4000         53,7900        
48,4000         53,7900         55,0000         48,5000         53,9000        
48,5000         53,9000         55,1000         48,6000         54,0100        
48,6000         54,0100         55,2000         48,7000         54,1200        
48,7000         54,1200         55,3000         48,8000         54,2300        
48,8000         54,2300         55,4000         48,9000         54,3400        
48,9000         54,3400         55,5000         49,0000         54,4500        
49,0000         54,4500         55,6000         49,1000         54,5600        
49,1000         54,5600         55,7000         49,2000         54,6700        
49,2000         54,6700         55,8000         49,3000         54,7800        
49,3000         54,7800         55,9000         49,4000         54,8900        
49,4000         54,8900         56,0000         49,5000         55,0000        
49,5000         55,0000         56,1000         49,6000         55,1100        
49,6000         55,1100         56,2000         49,7000         55,2200        
49,7000         55,2200         56,3000         49,8000         55,3300        
49,8000         55,3300         56,4000         49,9000         55,4400        
49,9000         55,4400         56,5000         50,0000         55,5500        
50,0000         55,5500         56,6000         50,1000         55,6600        
50,1000         55,6600         56,7000         50,2000         55,7700        
50,2000         55,7700         56,8000         50,3000         55,8800        
50,3000         55,8800         56,9000         50,4000         55,9900        
50,4000         55,9900         57,0000         50,5000         56,1000        
50,5000         56,1000         57,1000         50,6000         56,2100        
50,6000         56,2100         57,2000         50,7000         56,3200        
50,7000         56,3200         57,3000         50,8000         56,4300        
50,8000         56,4300         57,4000         50,9000         56,5400        
50,9000         56,5400         57,5000         51,0000         56,6500        
51,0000         56,6500         57,6000         51,1000         56,7600        
51,1000         56,7600         57,7000         51,2000         56,8700        
51,2000         56,8700         57,8000         51,3000         56,9800        
51,3000         56,9800         57,9000         51,4000         57,0900        
51,4000         57,0900         58,0000         51,5000         57,2000        
51,5000         57,2000         58,1000         51,6000         57,3100        
51,6000         57,3100         58,2000         51,7000         57,4200        
51,7000         57,4200         58,3000         51,8000         57,5300        
51,8000         57,5300         58,4000         51,9000         57,6400        
51,9000         57,6400         58,5000         52,0000         57,7500        
52,0000         57,7500         58,6000         52,1000         57,8600        
52,1000         57,8600         58,7000         52,2000         57,9700        
52,2000         57,9700         58,8000         52,3000         58,0800        
52,3000         58,0800         58,9000         52,4000         58,1900        
52,4000         58,1900         59,0000         52,5000         58,3000        
52,5000         58,3000         59,1000         52,6000         58,4100        
52,6000         58,4100         59,2000         52,7000         58,5200        
52,7000         58,5200         59,3000         52,8000         58,6300        
52,8000         58,6300         59,4000         52,9000         58,7400        
52,9000         58,7400         59,5000         53,0000         58,8500        
53,0000         58,8500         59,6000         53,1000         58,9600        
53,1000         58,9600         59,7000         53,2000         59,0700        
53,2000         59,0700         59,8000         53,3000         59,1800        
53,3000         59,1800         59,9000         53,4000         59,2900        
53,4000         59,2900         60,0000         53,5000         59,4000        
53,5000         59,4000         60,1000         53,6000         59,5100        
53,6000         59,5100         60,2000         53,7000         59,6200        
53,7000         59,6200         60,3000         53,8000         59,7300        
53,8000         59,7300         60,4000         53,9000         59,8400        
53,9000         59,8400         60,5000         54,0000         59,9500        
54,0000         59,9500         60,6000         54,1000         60,0600        
54,1000         60,0600         60,7000         54,2000         60,1700        
54,2000         60,1700         60,8000         54,3000         60,2800        
54,3000         60,2800         60,9000         54,4000         60,3900        
54,4000         60,3900         61,0000         54,5000         60,5000        
54,5000         60,5000         61,1000         54,6000         60,6100        
54,6000         60,6100         61,2000         54,7000         60,7200        
54,7000         60,7200         61,3000         54,8000         60,8300        
54,8000         60,8300         61,4000         54,9000         60,9400        
54,9000         60,9400         61,5000         55,0000         61,0500        
55,0000         61,0500         61,6000         55,1000         61,1600        
55,1000         61,1600         61,7000         55,2000         61,2700        
55,2000         61,2700         61,8000         55,3000         61,3800        
55,3000         61,3800         61,9000         55,4000         61,4900        
55,4000         61,4900         62,0000         55,5000         61,6000        
55,5000         61,6000         62,1000         55,6000         61,7100        
55,6000         61,7100         62,2000         55,7000         61,8200        
55,7000         61,8200         62,3000         55,8000         61,9300        
55,8000         61,9300         62,4000         55,9000         62,0400        
55,9000         62,0400         62,5000         56,0000         62,1500        
56,0000         62,1500         62,6000         56,1000         62,2600        
56,1000         62,2600         62,7000         56,2000         62,3700        
56,2000         62,3700         62,8000         56,3000         62,4800        
56,3000         62,4800         62,9000         56,4000         62,5900        
56,4000         62,5900         63,0000         56,5000         62,7000        
56,5000         62,7000         63,1000         56,6000         62,8100        
56,6000         62,8100         63,2000         56,7000         62,9200        
56,7000         62,9200         63,3000         56,8000         63,0300        
56,8000         63,0300         63,4000         56,9000         63,1400        
56,9000         63,1400         63,5000         57,0000         63,2500        
57,0000         63,2500         63,6000         57,1000         63,3600        
57,1000         63,3600         63,7000         57,2000         63,4700        
57,2000         63,4700         63,8000         57,3000         63,5800        
57,3000         63,5800         63,9000         57,4000         63,6900        
57,4000         63,6900         64,0000         57,5000         63,8000        
57,5000         63,8000         64,1000         57,6000         63,9100        
57,6000         63,9100         64,2000         57,7000         64,0200        
57,7000         64,0200         64,3000         57,8000         64,1300        
57,8000         64,1300         64,4000         57,9000         64,2400        
57,9000         64,2400         64,5000         58,0000         64,3500        
58,0000         64,3500         64,6000         58,1000         64,4600        
58,1000         64,4600         64,7000         58,2000         64,5700        
58,2000         64,5700         64,8000         58,3000         64,6800        
58,3000         64,6800         64,9000         58,4000         64,7900        
58,4000         64,7900         65,0000         58,5000         64,9000        
58,5000         64,9000         65,1000         58,6000         65,0100        
58,6000         65,0100         65,2000         58,7000         65,1200        
58,7000         65,1200         65,3000         58,8000         65,2300        
58,8000         65,2300         65,4000         58,9000         65,3400        
58,9000         65,3400         65,5000         59,0000         65,4500        
59,0000         65,4500         65,6000         59,1000         65,5600        
59,1000         65,5600         65,7000         59,2000         65,6700        
59,2000         65,6700         65,8000         59,3000         65,7800        
59,3000         65,7800         65,9000         59,4000         65,8900        
59,4000         65,8900         66,0000         59,5000         66,0000        
59,5000         66,0000         66,1000         59,6000         66,1100        
59,6000         66,1100         66,2000         59,7000         66,2200        
59,7000         66,2200         66,3000         59,8000         66,3300        
59,8000         66,3300         66,4000         59,9000         66,4400        
59,9000         66,4400         66,5000         60,0000         66,5500        
60,0000         66,5500         66,6000         60,1000         66,6600        
60,1000         66,6600         66,7000         60,2000         66,7700        
60,2000         66,7700         66,8000         60,3000         66,8800        
60,3000         66,8800         66,9000         60,4000         66,9900        
60,4000         66,9900         67,0000         60,5000         67,1000        
60,5000         67,1000         67,1000         60,6000         67,2100        
60,6000         67,2100         67,2000         60,7000         67,3200        
60,7000         67,3200         67,3000         60,8000         67,4300        
60,8000         67,4300         67,4000         60,9000         67,5400        
60,9000         67,5400         67,5000         61,0000         67,6500        
61,0000         67,6500         67,6000         61,1000         67,7600        
61,1000         67,7600         67,7000         61,2000         67,8700        
61,2000         67,8700         67,8000         61,3000         67,9800        
61,3000         67,9800         67,9000         61,4000         68,0900        
61,4000         68,0900         68,0000         61,5000         68,2000        
61,5000         68,2000         68,1000         61,6000         68,3100        
61,6000         68,3100         68,2000         61,7000         68,4200        
61,7000         68,4200         68,3000         61,8000         68,5300        
61,8000         68,5300         68,4000         61,9000         68,6400        
61,9000         68,6400         68,5000         62,0000         68,7500        
62,0000         68,7500         68,6000         62,1000         68,8600        
62,1000         68,8600         68,7000         62,2000         68,9700        
62,2000         68,9700         68,8000         62,3000         69,0800        
62,3000         69,0800         68,9000         62,4000         69,1900        
62,4000         69,1900         69,0000         62,5000         69,3000        
62,5000         69,3000         69,1000         62,6000         69,4100        
62,6000         69,4100         69,2000         62,7000         69,5200        
62,7000         69,5200         69,3000         62,8000         69,6300        
62,8000         69,6300         69,4000         62,9000         69,7400        
62,9000         69,7400         69,5000         63,0000         69,8500        
63,0000         69,8500         69,6000         63,1000         69,9600        
63,1000         69,9600         69,7000         63,2000         70,0700        
63,2000         70,0700         69,8000         63,3000         70,1800        
63,3000         70,1800         69,9000         63,4000         70,2900        
63,4000         70,2900         70,0000         63,5000         70,4000        
63,5000         70,4000         70,1000         63,6000         70,5100        
63,6000         70,5100         70,2000         63,7000         70,6200        
63,7000         70,6200         70,3000         63,8000         70,7300        
63,8000         70,7300         70,4000         63,9000         70,8400        
63,9000         70,8400         70,5000         64,0000         70,9500        
64,0000         70,9500         70,6000         64,1000         71,0600        
64,1000         71,0600         70,7000         64,2000         71,1700        
64,2000         71,1700         70,8000         64,3000         71,2800        
64,3000         71,2800         70,9000         64,4000         71,3900        
64,4000         71,3900         71,0000         64,5000         71,5000        
64,5000         71,5000         71,1000         64,6000         71,6100        
64,6000         71,6100         71,2000         64,7000         71,7200        
64,7000         71,7200         71,3000         64,8000         71,8300        
64,8000         71,8300         71,4000         64,9000         71,9400        
64,9000         71,9400         71,5000         65,0000         72,0500        
65,0000         72,0500         71,6000         65,1000         72,1600        
65,1000         72,1600         71,7000         65,2000         72,2700        
65,2000         72,2700         71,8000         65,3000         72,3800        
65,3000         72,3800         71,9000         65,4000         72,4900        
65,4000         72,4900         72,0000         65,5000         72,6000        
65,5000         72,6000         72,1000         65,6000         72,7100        
65,6000         72,7100         72,2000         65,7000         72,8200        
65,7000         72,8200         72,3000         65,8000         72,9300        
65,8000         72,9300         72,4000         65,9000         73,0400        
65,9000         73,0400         72,5000         66,0000         73,1500        
66,0000         73,1500         72,6000         66,1000         73,2600        
66,1000         73,2600         72,7000         66,2000         73,3700        
66,2000         73,3700         72,8000         66,3000         73,4800        
66,3000         73,4800         72,9000         66,4000         73,5900        
66,4000         73,5900         73,0000         66,5000         73,7000        
66,5000         73,7000         73,1000         66,6000         73,8100        
66,6000         73,8100         73,2000         66,7000         73,9200        
66,7000         73,9200         73,3000         66,8000         74,0300        
66,8000         74,0300         73,4000         66,9000         74,1400        
66,9000         74,1400         73,5000         67,0000         74,2500        
67,0000         74,2500         73,6000         67,1000         74,3600        
67,1000         74,3600         73,7000         67,2000         74,4700        
67,2000         74,4700         73,8000         67,3000         74,5800        
67,3000         74,5800         73,9000         67,4000         74,6900        
67,4000         74,6900         74,0000         67,5000         74,8000        
67,5000         74,8000         74,1000         67,6000         74,9100        
67,6000         74,9100         74,2000         67,7000         75,0200        
67,7000         75,0200         74,3000         67,8000         75,1300        
67,8000         75,1300         74,4000         67,9000         75,2400        
67,9000         75,2400         74,5000         68,0000         75,3500        
68,0000         75,3500         74,6000         68,1000         75,4600        
68,1000         75,4600         74,7000         68,2000         75,5700        
68,2000         75,5700         74,8000         68,3000         75,6800        
68,3000         75,6800         74,9000         68,4000         75,7900        
68,4000         75,7900         75,0000         68,5000         75,9000        
68,5000         75,9000         75,1000         68,6000         76,0100        
68,6000         76,0100         75,2000         68,7000         76,1200        
68,7000         76,1200         75,3000         68,8000         76,2300        
68,8000         76,2300         75,4000         68,9000         76,3400        
68,9000         76,3400         75,5000         69,0000         76,4500        
69,0000         76,4500         75,6000         69,1000         76,5600        
69,1000         76,5600         75,7000         69,2000         76,6700        
69,2000         76,6700         75,8000         69,3000         76,7800        
69,3000         76,7800         75,9000         69,4000         76,8900        
69,4000         76,8900         76,0000         69,5000         77,0000        
69,5000         77,0000         76,1000         69,6000         77,1100        
69,6000         77,1100         76,2000         69,7000         77,2200        
69,7000         77,2200         76,3000         69,8000         77,3300        
69,8000         77,3300         76,4000         69,9000         77,4400        
69,9000         77,4400         76,5000         70,0000         77,5500        
70,0000         77,5500         76,6000         70,1000         77,6600        
70,1000         77,6600         76,7000         70,2000         77,7700        
70,2000         77,7700         76,8000         70,3000         77,8800        
70,3000         77,8800         76,9000         70,4000         77,9900        
70,4000         77,9900         77,0000         70,5000         78,1000        
70,5000         78,1000         77,1000         70,6000         78,2100        
70,6000         78,2100         77,2000         70,7000         78,3200        
70,7000         78,3200         77,3000         70,8000         78,4300        
70,8000         78,4300         77,4000         70,9000         78,5400        
70,9000         78,5400         77,5000         71,0000         78,6500        
71,0000         78,6500         77,6000         71,1000         78,7600        
71,1000         78,7600         77,7000         71,2000         78,8700        
71,2000         78,8700         77,8000         71,3000         78,9800        
71,3000         78,9800         77,9000         71,4000         79,0900        
71,4000         79,0900         78,0000         71,5000         79,2000        
71,5000         79,2000         78,1000         71,6000         79,3100        
71,6000         79,3100         78,2000         71,7000         79,4200        
71,7000         79,4200         78,3000         71,8000         79,5300        
71,8000         79,5300         78,4000         71,9000         79,6400        
71,9000         79,6400         78,5000         72,0000         79,7500        
72,0000         79,7500         78,6000         72,1000         79,8600        
72,1000         79,8600         78,7000         72,2000         79,9700        
72,2000         79,9700         78,8000         72,3000         80,0800        
72,3000         80,0800         78,9000         72,4000         80,1900        
72,4000         80,1900         79,0000         72,5000         80,3000        
72,5000         80,3000         79,1000         72,6000         80,4100        
72,6000         80,4100         79,2000         72,7000         80,5200        
72,7000         80,5200         79,3000         72,8000         80,6300        
72,8000         80,6300         79,4000         72,9000         80,7400        
72,9000         80,7400         79,5000         73,0000         80,8500        
73,0000         80,8500         79,6000         73,1000         80,9600        
73,1000         80,9600         79,7000         73,2000         81,0700        
73,2000         81,0700         79,8000         73,3000         81,1800        
73,3000         81,1800         79,9000         73,4000         81,2900        
73,4000         81,2900         80,0000         73,5000         81,4000        
73,5000         81,4000         80,1000         73,6000         81,5100        
73,6000         81,5100         80,2000         73,7000         81,6200        
73,7000         81,6200         80,3000         73,8000         81,7300        
73,8000         81,7300         80,4000         73,9000         81,8400        
73,9000         81,8400         80,5000         74,0000         81,9500        
74,0000         81,9500         80,6000         74,1000         82,0600        
74,1000         82,0600         80,7000         74,2000         82,1700        
74,2000         82,1700         80,8000         74,3000         82,2800        
74,3000         82,2800         80,9000         74,4000         82,3900        
74,4000         82,3900         81,0000         74,5000         82,5000        
74,5000         82,5000         81,1000         74,6000         82,6100        
74,6000         82,6100         81,2000         74,7000         82,7200        
74,7000         82,7200         81,3000         74,8000         82,8300        
74,8000         82,8300         81,4000         74,9000         82,9400        
74,9000         82,9400         81,5000         75,0000         83,0500        
75,0000         83,0500         81,6000         75,1000         83,1600        
75,1000         83,1600         81,7000         75,2000         83,2700        
75,2000         83,2700         81,8000         75,3000         83,3800        
75,3000         83,3800         81,9000         75,4000         83,4900        
75,4000         83,4900         82,0000         75,5000         83,6000        
75,5000         83,6000         82,1000         75,6000         83,7100        
75,6000         83,7100         82,2000         75,7000         83,8200        
75,7000         83,8200         82,3000         75,8000         83,9300        
75,8000         83,9300         82,4000         75,9000         84,0400        
75,9000         84,0400         82,5000         76,0000         84,1500        
76,0000         84,1500         82,6000         76,1000         84,2600        
76,1000         84,2600         82,7000         76,2000         84,3700        
76,2000         84,3700         82,8000         76,3000         84,4800        
76,3000         84,4800         82,9000         76,4000         84,5900        
76,4000         84,5900         83,0000         76,5000         84,7000        
76,5000         84,7000         83,1000         76,6000         84,8100        
76,6000         84,8100         83,2000         76,7000         84,9200        
76,7000         84,9200         83,3000         76,8000         85,0300        
76,8000         85,0300         83,4000         76,9000         85,1400        
76,9000         85,1400         83,5000         77,0000         85,2500        
77,0000         85,2500         83,6000         77,1000         85,3600        
77,1000         85,3600         83,7000         77,2000         85,4700        
77,2000         85,4700         83,8000         77,3000         85,5800        
77,3000         85,5800         83,9000         77,4000         85,6900        
77,4000         85,6900         84,0000         77,5000         85,8000        
77,5000         85,8000         84,1000         77,6000         85,9100        
77,6000         85,9100         84,2000         77,7000         86,0200        
77,7000         86,0200         84,3000         77,8000         86,1300        
77,8000         86,1300         84,4000         77,9000         86,2400        
77,9000         86,2400         84,5000         78,0000         86,3500        
78,0000         86,3500         84,6000         78,1000         86,4600        
78,1000         86,4600         84,7000         78,2000         86,5700        
78,2000         86,5700         84,8000         78,3000         86,6800        
78,3000         86,6800         84,9000         78,4000         86,7900        
78,4000         86,7900         85,0000         78,5000         86,9000        
78,5000         86,9000         85,1000         78,6000         87,0100        
78,6000         87,0100         85,2000         78,7000         87,1200        
78,7000         87,1200         85,3000         78,8000         87,2300        
78,8000         87,2300         85,4000         78,9000         87,3400        
78,9000         87,3400         85,5000         79,0000         87,4500        
79,0000         87,4500         85,6000         79,1000         87,5600        
79,1000         87,5600         85,7000         79,2000         87,6700        
79,2000         87,6700         85,8000         79,3000         87,7800        
79,3000         87,7800         85,9000         79,4000         87,8900        
79,4000         87,8900         86,0000         79,5000         88,0000        
79,5000         88,0000         86,1000         79,6000         88,1100        
79,6000         88,1100         86,2000         79,7000         88,2200        
79,7000         88,2200         86,3000         79,8000         88,3300        
79,8000         88,3300         86,4000         79,9000         88,4400        
79,9000         88,4400         86,5000         80,0000         88,5500        
80,0000         88,5500         86,6000         80,1000         88,6600        
80,1000         88,6600         86,7000         80,2000         88,7700        
80,2000         88,7700         86,8000         80,3000         88,8800        
80,3000         88,8800         86,9000         80,4000         88,9900        
80,4000         88,9900         87,0000         80,5000         89,1000        
80,5000         89,1000         87,1000         80,6000         89,2100        
80,6000         89,2100         87,2000         80,7000         89,3200        
80,7000         89,3200         87,3000         80,8000         89,4300        
80,8000         89,4300         87,4000         80,9000         89,5400        
80,9000         89,5400         87,5000         81,0000         89,6500        
81,0000         89,6500         87,6000         81,1000         89,7600        
81,1000         89,7600         87,7000         81,2000         89,8700        
81,2000         89,8700         87,8000         81,3000         89,9800        
81,3000         89,9800         87,9000         81,4000         90,0900        
81,4000         90,0900         88,0000         81,5000         90,2000        
81,5000         90,2000         88,1000         81,6000         90,3100        
81,6000         90,3100         88,2000         81,7000         90,4200        
81,7000         90,4200         88,3000         81,8000         90,5300        
81,8000         90,5300         88,4000         81,9000         90,6400        
81,9000         90,6400         88,5000         82,0000         90,7500        
82,0000         90,7500         88,6000         82,1000         90,8600        
82,1000         90,8600         88,7000         82,2000         90,9700        
82,2000         90,9700         88,8000         82,3000         91,0800        
82,3000         91,0800         88,9000         82,4000         91,1900        
82,4000         91,1900         89,0000         82,5000         91,3000        
82,5000         91,3000         89,1000         82,6000         91,4100        
82,6000         91,4100         89,2000         82,7000         91,5200        
82,7000         91,5200         89,3000         82,8000         91,6300        
82,8000         91,6300         89,4000         82,9000         91,7400        
82,9000         91,7400         89,5000         83,0000         91,8500        
83,0000         91,8500         89,6000         83,1000         91,9600        
83,1000         91,9600         89,7000         83,2000         92,0700        
83,2000         92,0700         89,8000         83,3000         92,1800        
83,3000         92,1800         89,9000         83,4000         92,2900        
83,4000         92,2900         90,0000         83,5000         92,4000        
83,5000         92,4000         90,1000         83,6000         92,5100        
83,6000         92,5100         90,2000         83,7000         92,6200        
83,7000         92,6200         90,3000         83,8000         92,7300        
83,8000         92,7300         90,4000         83,9000         92,8400        
83,9000         92,8400         90,5000         84,0000         92,9500        
84,0000         92,9500         90,6000         84,1000         93,0600        
84,1000         93,0600         90,7000         84,2000         93,1700        
84,2000         93,1700         90,8000         84,3000         93,2800        
84,3000         93,2800         90,9000         84,4000         93,3900        
84,4000         93,3900         91,0000         84,5000         93,5000        
84,5000         93,5000         91,1000         84,6000         93,6100        
84,6000         93,6100         91,2000         84,7000         93,7200        
84,7000         93,7200         91,3000         84,8000         93,8300        
84,8000         93,8300         91,4000         84,9000         93,9400        
84,9000         93,9400         91,5000         85,0000         94,0500        
85,0000         94,0500         91,6000         85,1000         94,1600        
85,1000         94,1600         91,7000         85,2000         94,2700        
85,2000         94,2700         91,8000         85,3000         94,3800        
85,3000         94,3800         91,9000         85,4000         94,4900        
85,4000         94,4900         92,0000         85,5000         94,6000        
85,5000         94,6000         92,1000         85,6000         94,7100        
85,6000         94,7100         92,2000         85,7000         94,8200        
85,7000         94,8200         92,3000         85,8000         94,9300        
85,8000         94,9300         92,4000         85,9000         95,0400        
85,9000         95,0400         92,5000         86,0000         95,1500        
86,0000         95,1500         92,6000         86,1000         95,2600        
86,1000         95,2600         92,7000         86,2000         95,3700        
86,2000         95,3700         92,8000         86,3000         95,4800        
86,3000         95,4800         92,9000         86,4000         95,5900        
86,4000         95,5900         93,0000         86,5000         95,7000        
86,5000         95,7000         93,1000         86,6000         95,8100        
86,6000         95,8100         93,2000         86,7000         95,9200        
86,7000         95,9200         93,3000         86,8000         96,0300        
86,8000         96,0300         93,4000         86,9000         96,1400        
86,9000         96,1400         93,5000         87,0000         96,2500        
87,0000         96,2500         93,6000         87,1000         96,3600        
87,1000         96,3600         93,7000         87,2000         96,4700        
87,2000         96,4700         93,8000         87,3000         96,5800        
87,3000         96,5800         93,9000         87,4000         96,6900        
87,4000         96,6900         94,0000         87,5000         96,8000        
87,5000         96,8000         94,1000         87,6000         96,9100        
87,6000         96,9100         94,2000         87,7000         97,0200        
87,7000         97,0200         94,3000         87,8000         97,1300        
87,8000         97,1300         94,4000         87,9000         97,2400        
87,9000         97,2400         94,5000         88,0000         97,3500        
88,0000         97,3500         94,6000         88,1000         97,4600        
88,1000         97,4600         94,7000         88,2000         97,5700        
88,2000         97,5700         94,8000         88,3000         97,6800        
88,3000         97,6800         94,9000         88,4000         97,7900        
88,4000         97,7900         95,0000         88,5000         97,9000        
88,5000         97,9000         95,1000         88,6000         98,0100        
88,6000         98,0100         95,2000         88,7000         98,1200        
88,7000         98,1200         95,3000         88,8000         98,2300        
88,8000         98,2300         95,4000         88,9000         98,3400        
88,9000         98,3400         95,5000         89,0000         98,4500        
89,0000         98,4500         95,6000         89,1000         98,5600        
89,1000         98,5600         95,7000         89,2000         98,6700        
89,2000         98,6700         95,8000         89,3000         98,7800        
89,3000         98,7800         95,9000         89,4000         98,8900        
89,4000         98,8900         96,0000         89,5000         99,0000        
89,5000         99,0000         96,1000         89,6000         99,1100        
89,6000         99,1100         96,2000         89,7000         99,2200        
89,7000         99,2200         96,3000         89,8000         99,3300        
89,8000         99,3300         96,4000         89,9000         99,4400        
89,9000         99,4400         96,5000         90,0000         99,5500        
90,0000         99,5500         96,6000         90,1000         99,6600        
90,1000         99,6600         96,7000         90,2000         99,7700        
90,2000         99,7700         96,8000         90,3000         99,8800        
90,3000         99,8800         96,9000         90,4000         99,9900        
90,4000         99,9900         97,0000         90,5000         100,1000       
90,5000         100,1000        97,1000         90,6000         100,2100       
