ti              Di              dD/dt           ti+1            Di+1           
0,0000          0,0000          3,6000          0,1000          0,3600         
0,1000          0,3600          3,7000          0,2000          0,4700         
0,2000          0,4700          3,8000          0,3000          0,5800         
0,3000          0,5800          3,9000          0,4000          0,6900         
0,4000          0,6900          4,0000          0,5000          0,8000         
0,5000          0,8000          4,1000          0,6000          0,9100         
0,6000          0,9100          4,2000          0,7000          1,0200         
0,7000          1,0200          4,3000          0,8000          1,1300         
0,8000          1,1300          4,4000          0,9000          1,2400         
0,9000          1,2400          4,5000          1,0000          1,3500         
1,0000          1,3500          4,6000          1,1000          1,4600         
1,1000          1,4600          4,7000          1,2000          1,5700         
1,2000          1,5700          4,8000          1,3000          1,6800         
1,3000          1,6800          4,9000          1,4000          1,7900         
1,4000          1,7900          5,0000          1,5000          1,9000         
1,5000          1,9000          5,1000          1,6000          2,0100         
1,6000          2,0100          5,2000          1,7000          2,1200         
1,7000          2,1200          5,3000          1,8000          2,2300         
1,8000          2,2300          5,4000          1,9000          2,3400         
1,9000          2,3400          5,5000          2,0000          2,4500         
2,0000          2,4500          5,6000          2,1000          2,5600         
2,1000          2,5600          5,7000          2,2000          2,6700         
2,2000          2,6700          5,8000          2,3000          2,7800         
2,3000          2,7800          5,9000          2,4000          2,8900         
2,4000          2,8900          6,0000          2,5000          3,0000         
2,5000          3,0000          6,1000          2,6000          3,1100         
2,6000          3,1100          6,2000          2,7000          3,2200         
2,7000          3,2200          6,3000          2,8000          3,3300         
2,8000          3,3300          6,4000          2,9000          3,4400         
2,9000          3,4400          6,5000          3,0000          3,5500         
3,0000          3,5500          6,6000          3,1000          3,6600         
3,1000          3,6600          6,7000          3,2000          3,7700         
3,2000          3,7700          6,8000          3,3000          3,8800         
3,3000          3,8800          6,9000          3,4000          3,9900         
3,4000          3,9900          7,0000          3,5000          4,1000         
3,5000          4,1000          7,1000          3,6000          4,2100         
3,6000          4,2100          7,2000          3,7000          4,3200         
3,7000          4,3200          7,3000          3,8000          4,4300         
3,8000          4,4300          7,4000          3,9000          4,5400         
3,9000          4,5400          7,5000          4,0000          4,6500         
4,0000          4,6500          7,6000          4,1000          4,7600         
4,1000          4,7600          7,7000          4,2000          4,8700         
4,2000          4,8700          7,8000          4,3000          4,9800         
4,3000          4,9800          7,9000          4,4000          5,0900         
4,4000          5,0900          8,0000          4,5000          5,2000         
4,5000          5,2000          8,1000          4,6000          5,3100         
4,6000          5,3100          8,2000          4,7000          5,4200         
4,7000          5,4200          8,3000          4,8000          5,5300         
4,8000          5,5300          8,4000          4,9000          5,6400         
4,9000          5,6400          8,5000          5,0000          5,7500         
5,0000          5,7500          8,6000          5,1000          5,8600         
5,1000          5,8600          8,7000          5,2000          5,9700         
5,2000          5,9700          8,8000          5,3000          6,0800         
5,3000          6,0800          8,9000          5,4000          6,1900         
5,4000          6,1900          9,0000          5,5000          6,3000         
5,5000          6,3000          9,1000          5,6000          6,4100         
5,6000          6,4100          9,2000          5,7000          6,5200         
5,7000          6,5200          9,3000          5,8000          6,6300         
5,8000          6,6300          9,4000          5,9000          6,7400         
5,9000          6,7400          9,5000          6,0000          6,8500         
6,0000          6,8500          9,6000          6,1000          6,9600         
6,1000          6,9600          9,7000          6,2000          7,0700         
6,2000          7,0700          9,8000          6,3000          7,1800         
6,3000          7,1800          9,9000          6,4000          7,2900         
6,4000          7,2900          10,0000         6,5000          7,4000         
6,5000          7,4000          10,1000         6,6000          7,5100         
6,6000          7,5100          10,2000         6,7000          7,6200         
6,7000          7,6200          10,3000         6,8000          7,7300         
6,8000          7,7300          10,4000         6,9000          7,8400         
6,9000          7,8400          10,5000         7,0000          7,9500         
7,0000          7,9500          10,6000         7,1000          8,0600         
7,1000          8,0600          10,7000         7,2000          8,1700         
7,2000          8,1700          10,8000         7,3000          8,2800         
7,3000          8,2800          10,9000         7,4000          8,3900         
7,4000          8,3900          11,0000         7,5000          8,5000         
7,5000          8,5000          11,1000         7,6000          8,6100         
7,6000          8,6100          11,2000         7,7000          8,7200         
7,7000          8,7200          11,3000         7,8000          8,8300         
7,8000          8,8300          11,4000         7,9000          8,9400         
7,9000          8,9400          11,5000         8,0000          9,0500         
8,0000          9,0500          11,6000         8,1000          9,1600         
8,1000          9,1600          11,7000         8,2000          9,2700         
8,2000          9,2700          11,8000         8,3000          9,3800         
8,3000          9,3800          11,9000         8,4000          9,4900         
8,4000          9,4900          12,0000         8,5000          9,6000         
8,5000          9,6000          12,1000         8,6000          9,7100         
8,6000          9,7100          12,2000         8,7000          9,8200         
8,7000          9,8200          12,3000         8,8000          9,9300         
8,8000          9,9300          12,4000         8,9000          10,0400        
8,9000          10,0400         12,5000         9,0000          10,1500        
9,0000          10,1500         12,6000         9,1000          10,2600        
9,1000          10,2600         12,7000         9,2000          10,3700        
9,2000          10,3700         12,8000         9,3000          10,4800        
9,3000          10,4800         12,9000         9,4000          10,5900        
9,4000          10,5900         13,0000         9,5000          10,7000        
9,5000          10,7000         13,1000         9,6000          10,8100        
9,6000          10,8100         13,2000         9,7000          10,9200        
9,7000          10,9200         13,3000         9,8000          11,0300        
9,8000          11,0300         13,4000         9,9000          11,1400        
9,9000          11,1400         13,5000         10,0000         11,2500        
10,0000         11,2500         13,6000         10,1000         11,3600        
10,1000         11,3600         13,7000         10,2000         11,4700        
10,2000         11,4700         13,8000         10,3000         11,5800        
10,3000         11,5800         13,9000         10,4000         11,6900        
10,4000         11,6900         14,0000         10,5000         11,8000        
10,5000         11,8000         14,1000         10,6000         11,9100        
10,6000         11,9100         14,2000         10,7000         12,0200        
10,7000         12,0200         14,3000         10,8000         12,1300        
10,8000         12,1300         14,4000         10,9000         12,2400        
10,9000         12,2400         14,5000         11,0000         12,3500        
11,0000         12,3500         14,6000         11,1000         12,4600        
11,1000         12,4600         14,7000         11,2000         12,5700        
11,2000         12,5700         14,8000         11,3000         12,6800        
11,3000         12,6800         14,9000         11,4000         12,7900        
11,4000         12,7900         15,0000         11,5000         12,9000        
11,5000         12,9000         15,1000         11,6000         13,0100        
11,6000         13,0100         15,2000         11,7000         13,1200        
11,7000         13,1200         15,3000         11,8000         13,2300        
11,8000         13,2300         15,4000         11,9000         13,3400        
11,9000         13,3400         15,5000         12,0000         13,4500        
12,0000         13,4500         15,6000         12,1000         13,5600        
12,1000         13,5600         15,7000         12,2000         13,6700        
12,2000         13,6700         15,8000         12,3000         13,7800        
12,3000         13,7800         15,9000         12,4000         13,8900        
12,4000         13,8900         16,0000         12,5000         14,0000        
12,5000         14,0000         16,1000         12,6000         14,1100        
12,6000         14,1100         16,2000         12,7000         14,2200        
12,7000         14,2200         16,3000         12,8000         14,3300        
12,8000         14,3300         16,4000         12,9000         14,4400        
12,9000         14,4400         16,5000         13,0000         14,5500        
13,0000         14,5500         16,6000         13,1000         14,6600        
13,1000         14,6600         16,7000         13,2000         14,7700        
13,2000         14,7700         16,8000         13,3000         14,8800        
13,3000         14,8800         16,9000         13,4000         14,9900        
13,4000         14,9900         17,0000         13,5000         15,1000        
13,5000         15,1000         17,1000         13,6000         15,2100        
13,6000         15,2100         17,2000         13,7000         15,3200        
13,7000         15,3200         17,3000         13,8000         15,4300        
13,8000         15,4300         17,4000         13,9000         15,5400        
13,9000         15,5400         17,5000         14,0000         15,6500        
14,0000         15,6500         17,6000         14,1000         15,7600        
14,1000         15,7600         17,7000         14,2000         15,8700        
14,2000         15,8700         17,8000         14,3000         15,9800        
14,3000         15,9800         17,9000         14,4000         16,0900        
14,4000         16,0900         18,0000         14,5000         16,2000        
14,5000         16,2000         18,1000         14,6000         16,3100        
14,6000         16,3100         18,2000         14,7000         16,4200        
14,7000         16,4200         18,3000         14,8000         16,5300        
14,8000         16,5300         18,4000         14,9000         16,6400        
14,9000         16,6400         18,5000         15,0000         16,7500        
15,0000         16,7500         18,6000         15,1000         16,8600        
15,1000         16,8600         18,7000         15,2000         16,9700        
15,2000         16,9700         18,8000         15,3000         17,0800        
15,3000         17,0800         18,9000         15,4000         17,1900        
15,4000         17,1900         19,0000         15,5000         17,3000        
15,5000         17,3000         19,1000         15,6000         17,4100        
15,6000         17,4100         19,2000         15,7000         17,5200        
15,7000         17,5200         19,3000         15,8000         17,6300        
15,8000         17,6300         19,4000         15,9000         17,7400        
15,9000         17,7400         19,5000         16,0000         17,8500        
16,0000         17,8500         19,6000         16,1000         17,9600        
16,1000         17,9600         19,7000         16,2000         18,0700        
16,2000         18,0700         19,8000         16,3000         18,1800        
16,3000         18,1800         19,9000         16,4000         18,2900        
16,4000         18,2900         20,0000         16,5000         18,4000        
16,5000         18,4000         20,1000         16,6000         18,5100        
16,6000         18,5100         20,2000         16,7000         18,6200        
16,7000         18,6200         20,3000         16,8000         18,7300        
16,8000         18,7300         20,4000         16,9000         18,8400        
16,9000         18,8400         20,5000         17,0000         18,9500        
17,0000         18,9500         20,6000         17,1000         19,0600        
17,1000         19,0600         20,7000         17,2000         19,1700        
17,2000         19,1700         20,8000         17,3000         19,2800        
17,3000         19,2800         20,9000         17,4000         19,3900        
17,4000         19,3900         21,0000         17,5000         19,5000        
17,5000         19,5000         21,1000         17,6000         19,6100        
17,6000         19,6100         21,2000         17,7000         19,7200        
17,7000         19,7200         21,3000         17,8000         19,8300        
17,8000         19,8300         21,4000         17,9000         19,9400        
17,9000         19,9400         21,5000         18,0000         20,0500        
18,0000         20,0500         21,6000         18,1000         20,1600        
18,1000         20,1600         21,7000         18,2000         20,2700        
18,2000         20,2700         21,8000         18,3000         20,3800        
18,3000         20,3800         21,9000         18,4000         20,4900        
18,4000         20,4900         22,0000         18,5000         20,6000        
18,5000         20,6000         22,1000         18,6000         20,7100        
18,6000         20,7100         22,2000         18,7000         20,8200        
18,7000         20,8200         22,3000         18,8000         20,9300        
18,8000         20,9300         22,4000         18,9000         21,0400        
18,9000         21,0400         22,5000         19,0000         21,1500        
19,0000         21,1500         22,6000         19,1000         21,2600        
19,1000         21,2600         22,7000         19,2000         21,3700        
19,2000         21,3700         22,8000         19,3000         21,4800        
19,3000         21,4800         22,9000         19,4000         21,5900        
19,4000         21,5900         23,0000         19,5000         21,7000        
19,5000         21,7000         23,1000         19,6000         21,8100        
19,6000         21,8100         23,2000         19,7000         21,9200        
19,7000         21,9200         23,3000         19,8000         22,0300        
19,8000         22,0300         23,4000         19,9000         22,1400        
19,9000         22,1400         23,5000         20,0000         22,2500        
20,0000         22,2500         23,6000         20,1000         22,3600        
20,1000         22,3600         23,7000         20,2000         22,4700        
20,2000         22,4700         23,8000         20,3000         22,5800        
20,3000         22,5800         23,9000         20,4000         22,6900        
20,4000         22,6900         24,0000         20,5000         22,8000        
20,5000         22,8000         24,1000         20,6000         22,9100        
20,6000         22,9100         24,2000         20,7000         23,0200        
20,7000         23,0200         24,3000         20,8000         23,1300        
20,8000         23,1300         24,4000         20,9000         23,2400        
20,9000         23,2400         24,5000         21,0000         23,3500        
21,0000         23,3500         24,6000         21,1000         23,4600        
21,1000         23,4600         24,7000         21,2000         23,5700        
21,2000         23,5700         24,8000         21,3000         23,6800        
21,3000         23,6800         24,9000         21,4000         23,7900        
21,4000         23,7900         25,0000         21,5000         23,9000        
21,5000         23,9000         25,1000         21,6000         24,0100        
21,6000         24,0100         25,2000         21,7000         24,1200        
21,7000         24,1200         25,3000         21,8000         24,2300        
21,8000         24,2300         25,4000         21,9000         24,3400        
21,9000         24,3400         25,5000         22,0000         24,4500        
22,0000         24,4500         25,6000         22,1000         24,5600        
22,1000         24,5600         25,7000         22,2000         24,6700        
22,2000         24,6700         25,8000         22,3000         24,7800        
22,3000         24,7800         25,9000         22,4000         24,8900        
22,4000         24,8900         26,0000         22,5000         25,0000        
22,5000         25,0000         26,1000         22,6000         25,1100        
22,6000         25,1100         26,2000         22,7000         25,2200        
22,7000         25,2200         26,3000         22,8000         25,3300        
22,8000         25,3300         26,4000         22,9000         25,4400        
22,9000         25,4400         26,5000         23,0000         25,5500        
23,0000         25,5500         26,6000         23,1000         25,6600        
23,1000         25,6600         26,7000         23,2000         25,7700        
23,2000         25,7700         26,8000         23,3000         25,8800        
23,3000         25,8800         26,9000         23,4000         25,9900        
23,4000         25,9900         27,0000         23,5000         26,1000        
23,5000         26,1000         27,1000         23,6000         26,2100        
23,6000         26,2100         27,2000         23,7000         26,3200        
23,7000         26,3200         27,3000         23,8000         26,4300        
23,8000         26,4300         27,4000         23,9000         26,5400        
23,9000         26,5400         27,5000         24,0000         26,6500        
24,0000         26,6500         27,6000         24,1000         26,7600        
24,1000         26,7600         27,7000         24,2000         26,8700        
24,2000         26,8700         27,8000         24,3000         26,9800        
24,3000         26,9800         27,9000         24,4000         27,0900        
24,4000         27,0900         28,0000         24,5000         27,2000        
24,5000         27,2000         28,1000         24,6000         27,3100        
24,6000         27,3100         28,2000         24,7000         27,4200        
24,7000         27,4200         28,3000         24,8000         27,5300        
24,8000         27,5300         28,4000         24,9000         27,6400        
24,9000         27,6400         28,5000         25,0000         27,7500        
25,0000         27,7500         28,6000         25,1000         27,8600        
25,1000         27,8600         28,7000         25,2000         27,9700        
25,2000         27,9700         28,8000         25,3000         28,0800        
25,3000         28,0800         28,9000         25,4000         28,1900        
25,4000         28,1900         29,0000         25,5000         28,3000        
25,5000         28,3000         29,1000         25,6000         28,4100        
25,6000         28,4100         29,2000         25,7000         28,5200        
25,7000         28,5200         29,3000         25,8000         28,6300        
25,8000         28,6300         29,4000         25,9000         28,7400        
25,9000         28,7400         29,5000         26,0000         28,8500        
26,0000         28,8500         29,6000         26,1000         28,9600        
26,1000         28,9600         29,7000         26,2000         29,0700        
26,2000         29,0700         29,8000         26,3000         29,1800        
26,3000         29,1800         29,9000         26,4000         29,2900        
26,4000         29,2900         30,0000         26,5000         29,4000        
26,5000         29,4000         30,1000         26,6000         29,5100        
26,6000         29,5100         30,2000         26,7000         29,6200        
26,7000         29,6200         30,3000         26,8000         29,7300        
26,8000         29,7300         30,4000         26,9000         29,8400        
26,9000         29,8400         30,5000         27,0000         29,9500        
27,0000         29,9500         30,6000         27,1000         30,0600        
27,1000         30,0600         30,7000         27,2000         30,1700        
27,2000         30,1700         30,8000         27,3000         30,2800        
27,3000         30,2800         30,9000         27,4000         30,3900        
27,4000         30,3900         31,0000         27,5000         30,5000        
27,5000         30,5000         31,1000         27,6000         30,6100        
27,6000         30,6100         31,2000         27,7000         30,7200        
27,7000         30,7200         31,3000         27,8000         30,8300        
27,8000         30,8300         31,4000         27,9000         30,9400        
27,9000         30,9400         31,5000         28,0000         31,0500        
28,0000         31,0500         31,6000         28,1000         31,1600        
28,1000         31,1600         31,7000         28,2000         31,2700        
28,2000         31,2700         31,8000         28,3000         31,3800        
28,3000         31,3800         31,9000         28,4000         31,4900        
28,4000         31,4900         32,0000         28,5000         31,6000        
28,5000         31,6000         32,1000         28,6000         31,7100        
28,6000         31,7100         32,2000         28,7000         31,8200        
28,7000         31,8200         32,3000         28,8000         31,9300        
28,8000         31,9300         32,4000         28,9000         32,0400        
28,9000         32,0400         32,5000         29,0000         32,1500        
29,0000         32,1500         32,6000         29,1000         32,2600        
29,1000         32,2600         32,7000         29,2000         32,3700        
29,2000         32,3700         32,8000         29,3000         32,4800        
29,3000         32,4800         32,9000         29,4000         32,5900        
29,4000         32,5900         33,0000         29,5000         32,7000        
29,5000         32,7000         33,1000         29,6000         32,8100        
29,6000         32,8100         33,2000         29,7000         32,9200        
29,7000         32,9200         33,3000         29,8000         33,0300        
29,8000         33,0300         33,4000         29,9000         33,1400        
29,9000         33,1400         33,5000         30,0000         33,2500        
30,0000         33,2500         33,6000         30,1000         33,3600        
30,1000         33,3600         33,7000         30,2000         33,4700        
30,2000         33,4700         33,8000         30,3000         33,5800        
30,3000         33,5800         33,9000         30,4000         33,6900        
30,4000         33,6900         34,0000         30,5000         33,8000        
30,5000         33,8000         34,1000         30,6000         33,9100        
30,6000         33,9100         34,2000         30,7000         34,0200        
30,7000         34,0200         34,3000         30,8000         34,1300        
30,8000         34,1300         34,4000         30,9000         34,2400        
30,9000         34,2400         34,5000         31,0000         34,3500        
31,0000         34,3500         34,6000         31,1000         34,4600        
31,1000         34,4600         34,7000         31,2000         34,5700        
31,2000         34,5700         34,8000         31,3000         34,6800        
31,3000         34,6800         34,9000         31,4000         34,7900        
31,4000         34,7900         35,0000         31,5000         34,9000        
31,5000         34,9000         35,1000         31,6000         35,0100        
31,6000         35,0100         35,2000         31,7000         35,1200        
31,7000         35,1200         35,3000         31,8000         35,2300        
31,8000         35,2300         35,4000         31,9000         35,3400        
31,9000         35,3400         35,5000         32,0000         35,4500        
32,0000         35,4500         35,6000         32,1000         35,5600        
32,1000         35,5600         35,7000         32,2000         35,6700        
32,2000         35,6700         35,8000         32,3000         35,7800        
32,3000         35,7800         35,9000         32,4000         35,8900        
32,4000         35,8900         36,0000         32,5000         36,0000        
32,5000         36,0000         36,1000         32,6000         36,1100        
32,6000         36,1100         36,2000         32,7000         36,2200        
32,7000         36,2200         36,3000         32,8000         36,3300        
32,8000         36,3300         36,4000         32,9000         36,4400        
32,9000         36,4400         36,5000         33,0000         36,5500        
33,0000         36,5500         36,6000         33,1000         36,6600        
33,1000         36,6600         36,7000         33,2000         36,7700        
33,2000         36,7700         36,8000         33,3000         36,8800        
33,3000         36,8800         36,9000         33,4000         36,9900        
33,4000         36,9900         37,0000         33,5000         37,1000        
33,5000         37,1000         37,1000         33,6000         37,2100        
33,6000         37,2100         37,2000         33,7000         37,3200        
33,7000         37,3200         37,3000         33,8000         37,4300        
33,8000         37,4300         37,4000         33,9000         37,5400        
33,9000         37,5400         37,5000         34,0000         37,6500        
34,0000         37,6500         37,6000         34,1000         37,7600        
34,1000         37,7600         37,7000         34,2000         37,8700        
34,2000         37,8700         37,8000         34,3000         37,9800        
34,3000         37,9800         37,9000         34,4000         38,0900        
34,4000         38,0900         38,0000         34,5000         38,2000        
34,5000         38,2000         38,1000         34,6000         38,3100        
34,6000         38,3100         38,2000         34,7000         38,4200        
34,7000         38,4200         38,3000         34,8000         38,5300        
34,8000         38,5300         38,4000         34,9000         38,6400        
34,9000         38,6400         38,5000         35,0000         38,7500        
35,0000         38,7500         38,6000         35,1000         38,8600        
35,1000         38,8600         38,7000         35,2000         38,9700        
35,2000         38,9700         38,8000         35,3000         39,0800        
35,3000         39,0800         38,9000         35,4000         39,1900        
35,4000         39,1900         39,0000         35,5000         39,3000        
35,5000         39,3000         39,1000         35,6000         39,4100        
35,6000         39,4100         39,2000         35,7000         39,5200        
35,7000         39,5200         39,3000         35,8000         39,6300        
35,8000         39,6300         39,4000         35,9000         39,7400        
35,9000         39,7400         39,5000         36,0000         39,8500        
36,0000         39,8500         39,6000         36,1000         39,9600        
36,1000         39,9600         39,7000         36,2000         40,0700        
36,2000         40,0700         39,8000         36,3000         40,1800        
36,3000         40,1800         39,9000         36,4000         40,2900        
36,4000         40,2900         40,0000         36,5000         40,4000        
36,5000         40,4000         40,1000         36,6000         40,5100        
36,6000         40,5100         40,2000         36,7000         40,6200        
36,7000         40,6200         40,3000         36,8000         40,7300        
36,8000         40,7300         40,4000         36,9000         40,8400        
36,9000         40,8400         40,5000         37,0000         40,9500        
37,0000         40,9500         40,6000         37,1000         41,0600        
37,1000         41,0600         40,7000         37,2000         41,1700        
37,2000         41,1700         40,8000         37,3000         41,2800        
37,3000         41,2800         40,9000         37,4000         41,3900        
37,4000         41,3900         41,0000         37,5000         41,5000        
37,5000         41,5000         41,1000         37,6000         41,6100        
37,6000         41,6100         41,2000         37,7000         41,7200        
37,7000         41,7200         41,3000         37,8000         41,8300        
37,8000         41,8300         41,4000         37,9000         41,9400        
37,9000         41,9400         41,5000         38,0000         42,0500        
38,0000         42,0500         41,6000         38,1000         42,1600        
38,1000         42,1600         41,7000         38,2000         42,2700        
38,2000         42,2700         41,8000         38,3000         42,3800        
38,3000         42,3800         41,9000         38,4000         42,4900        
38,4000         42,4900         42,0000         38,5000         42,6000        
38,5000         42,6000         42,1000         38,6000         42,7100        
38,6000         42,7100         42,2000         38,7000         42,8200        
38,7000         42,8200         42,3000         38,8000         42,9300        
38,8000         42,9300         42,4000         38,9000         43,0400        
38,9000         43,0400         42,5000         39,0000         43,1500        
39,0000         43,1500         42,6000         39,1000         43,2600        
39,1000         43,2600         42,7000         39,2000         43,3700        
39,2000         43,3700         42,8000         39,3000         43,4800        
39,3000         43,4800         42,9000         39,4000         43,5900        
39,4000         43,5900         43,0000         39,5000         43,7000        
39,5000         43,7000         43,1000         39,6000         43,8100        
39,6000         43,8100         43,2000         39,7000         43,9200        
39,7000         43,9200         43,3000         39,8000         44,0300        
39,8000         44,0300         43,4000         39,9000         44,1400        
39,9000         44,1400         43,5000         40,0000         44,2500        
40,0000         44,2500         43,6000         40,1000         44,3600        
40,1000         44,3600         43,7000         40,2000         44,4700        
40,2000         44,4700         43,8000         40,3000         44,5800        
40,3000         44,5800         43,9000         40,4000         44,6900        
40,4000         44,6900         44,0000         40,5000         44,8000        
40,5000         44,8000         44,1000         40,6000         44,9100        
40,6000         44,9100         44,2000         40,7000         45,0200        
40,7000         45,0200         44,3000         40,8000         45,1300        
40,8000         45,1300         44,4000         40,9000         45,2400        
40,9000         45,2400         44,5000         41,0000         45,3500        
41,0000         45,3500         44,6000         41,1000         45,4600        
41,1000         45,4600         44,7000         41,2000         45,5700        
41,2000         45,5700         44,8000         41,3000         45,6800        
41,3000         45,6800         44,9000         41,4000         45,7900        
41,4000         45,7900         45,0000         41,5000         45,9000        
41,5000         45,9000         45,1000         41,6000         46,0100        
41,6000         46,0100         45,2000         41,7000         46,1200        
41,7000         46,1200         45,3000         41,8000         46,2300        
41,8000         46,2300         45,4000         41,9000         46,3400        
41,9000         46,3400         45,5000         42,0000         46,4500        
42,0000         46,4500         45,6000         42,1000         46,5600        
42,1000         46,5600         45,7000         42,2000         46,6700        
42,2000         46,6700         45,8000         42,3000         46,7800        
42,3000         46,7800         45,9000         42,4000         46,8900        
42,4000         46,8900         46,0000         42,5000         47,0000        
42,5000         47,0000         46,1000         42,6000         47,1100        
42,6000         47,1100         46,2000         42,7000         47,2200        
42,7000         47,2200         46,3000         42,8000         47,3300        
42,8000         47,3300         46,4000         42,9000         47,4400        
42,9000         47,4400         46,5000         43,0000         47,5500        
43,0000         47,5500         46,6000         43,1000         47,6600        
43,1000         47,6600         46,7000         43,2000         47,7700        
43,2000         47,7700         46,8000         43,3000         47,8800        
43,3000         47,8800         46,9000         43,4000         47,9900        
43,4000         47,9900         47,0000         43,5000         48,1000        
43,5000         48,1000         47,1000         43,6000         48,2100        
43,6000         48,2100         47,2000         43,7000         48,3200        
43,7000         48,3200         47,3000         43,8000         48,4300        
43,8000         48,4300         47,4000         43,9000         48,5400        
43,9000         48,5400         47,5000         44,0000         48,6500        
44,0000         48,6500         47,6000         44,1000         48,7600        
44,1000         48,7600         47,7000         44,2000         48,8700        
44,2000         48,8700         47,8000         44,3000         48,9800        
44,3000         48,9800         47,9000         44,4000         49,0900        
44,4000         49,0900         48,0000         44,5000         49,2000        
44,5000         49,2000         48,1000         44,6000         49,3100        
44,6000         49,3100         48,2000         44,7000         49,4200        
44,7000         49,4200         48,3000         44,8000         49,5300        
44,8000         49,5300         48,4000         44,9000         49,6400        
44,9000         49,6400         48,5000         45,0000         49,7500        
45,0000         49,7500         48,6000         45,1000         49,8600        
45,1000         49,8600         48,7000         45,2000         49,9700        
45,2000         49,9700         48,8000         45,3000         50,0800        
45,3000         50,0800         48,9000         45,4000         50,1900        
45,4000         50,1900         49,0000         45,5000         50,3000        
45,5000         50,3000         49,1000         45,6000         50,4100        
45,6000         50,4100         49,2000         45,7000         50,5200        
45,7000         50,5200         49,3000         45,8000         50,6300        
45,8000         50,6300         49,4000         45,9000         50,7400        
45,9000         50,7400         49,5000         46,0000         50,8500        
46,0000         50,8500         49,6000         46,1000         50,9600        
46,1000         50,9600         49,7000         46,2000         51,0700        
46,2000         51,0700         49,8000         46,3000         51,1800        
46,3000         51,1800         49,9000         46,4000         51,2900        
46,4000         51,2900         50,0000         46,5000         51,4000        
46,5000         51,4000         50,1000         46,6000         51,5100        
46,6000         51,5100         50,2000         46,7000         51,6200        
46,7000         51,6200         50,3000         46,8000         51,7300        
46,8000         51,7300         50,4000         46,9000         51,8400        
46,9000         51,8400         50,5000         47,0000         51,9500        
47,0000         51,9500         50,6000         47,1000         52,0600        
47,1000         52,0600         50,7000         47,2000         52,1700        
47,2000         52,1700         50,8000         47,3000         52,2800        
47,3000         52,2800         50,9000         47,4000         52,3900        
47,4000         52,3900         51,0000         47,5000         52,5000        
47,5000         52,5000         51,1000         47,6000         52,6100        
47,6000         52,6100         51,2000         47,7000         52,7200        
47,7000         52,7200         51,3000         47,8000         52,8300        
47,8000         52,8300         51,4000         47,9000         52,9400        
47,9000         52,9400         51,5000         48,0000         53,0500        
48,0000         53,0500         51,6000         48,1000         53,1600        
48,1000         53,1600         51,7000         48,2000         53,2700        
48,2000         53,2700         51,8000         48,3000         53,3800        
48,3000         53,3800         51,9000         48,4000         53,4900        
48,4000         53,4900         52,0000         48,5000         53,6000        
48,5000         53,6000         52,1000         48,6000         53,7100        
48,6000         53,7100         52,2000         48,7000         53,8200        
48,7000         53,8200         52,3000         48,8000         53,9300        
48,8000         53,9300         52,4000         48,9000         54,0400        
48,9000         54,0400         52,5000         49,0000         54,1500        
49,0000         54,1500         52,6000         49,1000         54,2600        
49,1000         54,2600         52,7000         49,2000         54,3700        
49,2000         54,3700         52,8000         49,3000         54,4800        
49,3000         54,4800         52,9000         49,4000         54,5900        
49,4000         54,5900         53,0000         49,5000         54,7000        
49,5000         54,7000         53,1000         49,6000         54,8100        
49,6000         54,8100         53,2000         49,7000         54,9200        
49,7000         54,9200         53,3000         49,8000         55,0300        
49,8000         55,0300         53,4000         49,9000         55,1400        
49,9000         55,1400         53,5000         50,0000         55,2500        
50,0000         55,2500         53,6000         50,1000         55,3600        
50,1000         55,3600         53,7000         50,2000         55,4700        
50,2000         55,4700         53,8000         50,3000         55,5800        
50,3000         55,5800         53,9000         50,4000         55,6900        
50,4000         55,6900         54,0000         50,5000         55,8000        
50,5000         55,8000         54,1000         50,6000         55,9100        
50,6000         55,9100         54,2000         50,7000         56,0200        
50,7000         56,0200         54,3000         50,8000         56,1300        
50,8000         56,1300         54,4000         50,9000         56,2400        
50,9000         56,2400         54,5000         51,0000         56,3500        
51,0000         56,3500         54,6000         51,1000         56,4600        
51,1000         56,4600         54,7000         51,2000         56,5700        
51,2000         56,5700         54,8000         51,3000         56,6800        
51,3000         56,6800         54,9000         51,4000         56,7900        
51,4000         56,7900         55,0000         51,5000         56,9000        
51,5000         56,9000         55,1000         51,6000         57,0100        
51,6000         57,0100         55,2000         51,7000         57,1200        
51,7000         57,1200         55,3000         51,8000         57,2300        
51,8000         57,2300         55,4000         51,9000         57,3400        
51,9000         57,3400         55,5000         52,0000         57,4500        
52,0000         57,4500         55,6000         52,1000         57,5600        
52,1000         57,5600         55,7000         52,2000         57,6700        
52,2000         57,6700         55,8000         52,3000         57,7800        
52,3000         57,7800         55,9000         52,4000         57,8900        
52,4000         57,8900         56,0000         52,5000         58,0000        
52,5000         58,0000         56,1000         52,6000         58,1100        
52,6000         58,1100         56,2000         52,7000         58,2200        
52,7000         58,2200         56,3000         52,8000         58,3300        
52,8000         58,3300         56,4000         52,9000         58,4400        
52,9000         58,4400         56,5000         53,0000         58,5500        
53,0000         58,5500         56,6000         53,1000         58,6600        
53,1000         58,6600         56,7000         53,2000         58,7700        
53,2000         58,7700         56,8000         53,3000         58,8800        
53,3000         58,8800         56,9000         53,4000         58,9900        
53,4000         58,9900         57,0000         53,5000         59,1000        
53,5000         59,1000         57,1000         53,6000         59,2100        
53,6000         59,2100         57,2000         53,7000         59,3200        
53,7000         59,3200         57,3000         53,8000         59,4300        
53,8000         59,4300         57,4000         53,9000         59,5400        
53,9000         59,5400         57,5000         54,0000         59,6500        
54,0000         59,6500         57,6000         54,1000         59,7600        
54,1000         59,7600         57,7000         54,2000         59,8700        
54,2000         59,8700         57,8000         54,3000         59,9800        
54,3000         59,9800         57,9000         54,4000         60,0900        
54,4000         60,0900         58,0000         54,5000         60,2000        
54,5000         60,2000         58,1000         54,6000         60,3100        
54,6000         60,3100         58,2000         54,7000         60,4200        
54,7000         60,4200         58,3000         54,8000         60,5300        
54,8000         60,5300         58,4000         54,9000         60,6400        
54,9000         60,6400         58,5000         55,0000         60,7500        
55,0000         60,7500         58,6000         55,1000         60,8600        
55,1000         60,8600         58,7000         55,2000         60,9700        
55,2000         60,9700         58,8000         55,3000         61,0800        
55,3000         61,0800         58,9000         55,4000         61,1900        
55,4000         61,1900         59,0000         55,5000         61,3000        
55,5000         61,3000         59,1000         55,6000         61,4100        
55,6000         61,4100         59,2000         55,7000         61,5200        
55,7000         61,5200         59,3000         55,8000         61,6300        
55,8000         61,6300         59,4000         55,9000         61,7400        
55,9000         61,7400         59,5000         56,0000         61,8500        
56,0000         61,8500         59,6000         56,1000         61,9600        
56,1000         61,9600         59,7000         56,2000         62,0700        
56,2000         62,0700         59,8000         56,3000         62,1800        
56,3000         62,1800         59,9000         56,4000         62,2900        
56,4000         62,2900         60,0000         56,5000         62,4000        
56,5000         62,4000         60,1000         56,6000         62,5100        
56,6000         62,5100         60,2000         56,7000         62,6200        
56,7000         62,6200         60,3000         56,8000         62,7300        
56,8000         62,7300         60,4000         56,9000         62,8400        
56,9000         62,8400         60,5000         57,0000         62,9500        
57,0000         62,9500         60,6000         57,1000         63,0600        
57,1000         63,0600         60,7000         57,2000         63,1700        
57,2000         63,1700         60,8000         57,3000         63,2800        
57,3000         63,2800         60,9000         57,4000         63,3900        
57,4000         63,3900         61,0000         57,5000         63,5000        
57,5000         63,5000         61,1000         57,6000         63,6100        
57,6000         63,6100         61,2000         57,7000         63,7200        
57,7000         63,7200         61,3000         57,8000         63,8300        
57,8000         63,8300         61,4000         57,9000         63,9400        
57,9000         63,9400         61,5000         58,0000         64,0500        
58,0000         64,0500         61,6000         58,1000         64,1600        
58,1000         64,1600         61,7000         58,2000         64,2700        
58,2000         64,2700         61,8000         58,3000         64,3800        
58,3000         64,3800         61,9000         58,4000         64,4900        
58,4000         64,4900         62,0000         58,5000         64,6000        
58,5000         64,6000         62,1000         58,6000         64,7100        
58,6000         64,7100         62,2000         58,7000         64,8200        
58,7000         64,8200         62,3000         58,8000         64,9300        
58,8000         64,9300         62,4000         58,9000         65,0400        
58,9000         65,0400         62,5000         59,0000         65,1500        
59,0000         65,1500         62,6000         59,1000         65,2600        
59,1000         65,2600         62,7000         59,2000         65,3700        
59,2000         65,3700         62,8000         59,3000         65,4800        
59,3000         65,4800         62,9000         59,4000         65,5900        
59,4000         65,5900         63,0000         59,5000         65,7000        
59,5000         65,7000         63,1000         59,6000         65,8100        
59,6000         65,8100         63,2000         59,7000         65,9200        
59,7000         65,9200         63,3000         59,8000         66,0300        
59,8000         66,0300         63,4000         59,9000         66,1400        
59,9000         66,1400         63,5000         60,0000         66,2500        
60,0000         66,2500         63,6000         60,1000         66,3600        
60,1000         66,3600         63,7000         60,2000         66,4700        
60,2000         66,4700         63,8000         60,3000         66,5800        
60,3000         66,5800         63,9000         60,4000         66,6900        
60,4000         66,6900         64,0000         60,5000         66,8000        
60,5000         66,8000         64,1000         60,6000         66,9100        
60,6000         66,9100         64,2000         60,7000         67,0200        
60,7000         67,0200         64,3000         60,8000         67,1300        
60,8000         67,1300         64,4000         60,9000         67,2400        
60,9000         67,2400         64,5000         61,0000         67,3500        
61,0000         67,3500         64,6000         61,1000         67,4600        
61,1000         67,4600         64,7000         61,2000         67,5700        
61,2000         67,5700         64,8000         61,3000         67,6800        
61,3000         67,6800         64,9000         61,4000         67,7900        
61,4000         67,7900         65,0000         61,5000         67,9000        
61,5000         67,9000         65,1000         61,6000         68,0100        
61,6000         68,0100         65,2000         61,7000         68,1200        
61,7000         68,1200         65,3000         61,8000         68,2300        
61,8000         68,2300         65,4000         61,9000         68,3400        
61,9000         68,3400         65,5000         62,0000         68,4500        
62,0000         68,4500         65,6000         62,1000         68,5600        
62,1000         68,5600         65,7000         62,2000         68,6700        
62,2000         68,6700         65,8000         62,3000         68,7800        
62,3000         68,7800         65,9000         62,4000         68,8900        
62,4000         68,8900         66,0000         62,5000         69,0000        
62,5000         69,0000         66,1000         62,6000         69,1100        
62,6000         69,1100         66,2000         62,7000         69,2200        
62,7000         69,2200         66,3000         62,8000         69,3300        
62,8000         69,3300         66,4000         62,9000         69,4400        
62,9000         69,4400         66,5000         63,0000         69,5500        
63,0000         69,5500         66,6000         63,1000         69,6600        
63,1000         69,6600         66,7000         63,2000         69,7700        
63,2000         69,7700         66,8000         63,3000         69,8800        
63,3000         69,8800         66,9000         63,4000         69,9900        
63,4000         69,9900         67,0000         63,5000         70,1000        
63,5000         70,1000         67,1000         63,6000         70,2100        
63,6000         70,2100         67,2000         63,7000         70,3200        
63,7000         70,3200         67,3000         63,8000         70,4300        
63,8000         70,4300         67,4000         63,9000         70,5400        
63,9000         70,5400         67,5000         64,0000         70,6500        
64,0000         70,6500         67,6000         64,1000         70,7600        
64,1000         70,7600         67,7000         64,2000         70,8700        
64,2000         70,8700         67,8000         64,3000         70,9800        
64,3000         70,9800         67,9000         64,4000         71,0900        
64,4000         71,0900         68,0000         64,5000         71,2000        
64,5000         71,2000         68,1000         64,6000         71,3100        
64,6000         71,3100         68,2000         64,7000         71,4200        
64,7000         71,4200         68,3000         64,8000         71,5300        
64,8000         71,5300         68,4000         64,9000         71,6400        
64,9000         71,6400         68,5000         65,0000         71,7500        
65,0000         71,7500         68,6000         65,1000         71,8600        
65,1000         71,8600         68,7000         65,2000         71,9700        
65,2000         71,9700         68,8000         65,3000         72,0800        
65,3000         72,0800         68,9000         65,4000         72,1900        
65,4000         72,1900         69,0000         65,5000         72,3000        
65,5000         72,3000         69,1000         65,6000         72,4100        
65,6000         72,4100         69,2000         65,7000         72,5200        
65,7000         72,5200         69,3000         65,8000         72,6300        
65,8000         72,6300         69,4000         65,9000         72,7400        
65,9000         72,7400         69,5000         66,0000         72,8500        
66,0000         72,8500         69,6000         66,1000         72,9600        
66,1000         72,9600         69,7000         66,2000         73,0700        
66,2000         73,0700         69,8000         66,3000         73,1800        
66,3000         73,1800         69,9000         66,4000         73,2900        
66,4000         73,2900         70,0000         66,5000         73,4000        
66,5000         73,4000         70,1000         66,6000         73,5100        
66,6000         73,5100         70,2000         66,7000         73,6200        
66,7000         73,6200         70,3000         66,8000         73,7300        
66,8000         73,7300         70,4000         66,9000         73,8400        
66,9000         73,8400         70,5000         67,0000         73,9500        
67,0000         73,9500         70,6000         67,1000         74,0600        
67,1000         74,0600         70,7000         67,2000         74,1700        
67,2000         74,1700         70,8000         67,3000         74,2800        
67,3000         74,2800         70,9000         67,4000         74,3900        
67,4000         74,3900         71,0000         67,5000         74,5000        
67,5000         74,5000         71,1000         67,6000         74,6100        
67,6000         74,6100         71,2000         67,7000         74,7200        
67,7000         74,7200         71,3000         67,8000         74,8300        
67,8000         74,8300         71,4000         67,9000         74,9400        
67,9000         74,9400         71,5000         68,0000         75,0500        
68,0000         75,0500         71,6000         68,1000         75,1600        
68,1000         75,1600         71,7000         68,2000         75,2700        
68,2000         75,2700         71,8000         68,3000         75,3800        
68,3000         75,3800         71,9000         68,4000         75,4900        
68,4000         75,4900         72,0000         68,5000         75,6000        
68,5000         75,6000         72,1000         68,6000         75,7100        
68,6000         75,7100         72,2000         68,7000         75,8200        
68,7000         75,8200         72,3000         68,8000         75,9300        
68,8000         75,9300         72,4000         68,9000         76,0400        
68,9000         76,0400         72,5000         69,0000         76,1500        
69,0000         76,1500         72,6000         69,1000         76,2600        
69,1000         76,2600         72,7000         69,2000         76,3700        
69,2000         76,3700         72,8000         69,3000         76,4800        
69,3000         76,4800         72,9000         69,4000         76,5900        
69,4000         76,5900         73,0000         69,5000         76,7000        
69,5000         76,7000         73,1000         69,6000         76,8100        
69,6000         76,8100         73,2000         69,7000         76,9200        
69,7000         76,9200         73,3000         69,8000         77,0300        
69,8000         77,0300         73,4000         69,9000         77,1400        
69,9000         77,1400         73,5000         70,0000         77,2500        
70,0000         77,2500         73,6000         70,1000         77,3600        
70,1000         77,3600         73,7000         70,2000         77,4700        
70,2000         77,4700         73,8000         70,3000         77,5800        
70,3000         77,5800         73,9000         70,4000         77,6900        
70,4000         77,6900         74,0000         70,5000         77,8000        
70,5000         77,8000         74,1000         70,6000         77,9100        
70,6000         77,9100         74,2000         70,7000         78,0200        
70,7000         78,0200         74,3000         70,8000         78,1300        
70,8000         78,1300         74,4000         70,9000         78,2400        
70,9000         78,2400         74,5000         71,0000         78,3500        
71,0000         78,3500         74,6000         71,1000         78,4600        
71,1000         78,4600         74,7000         71,2000         78,5700        
71,2000         78,5700         74,8000         71,3000         78,6800        
71,3000         78,6800         74,9000         71,4000         78,7900        
71,4000         78,7900         75,0000         71,5000         78,9000        
71,5000         78,9000         75,1000         71,6000         79,0100        
71,6000         79,0100         75,2000         71,7000         79,1200        
71,7000         79,1200         75,3000         71,8000         79,2300        
71,8000         79,2300         75,4000         71,9000         79,3400        
71,9000         79,3400         75,5000         72,0000         79,4500        
72,0000         79,4500         75,6000         72,1000         79,5600        
72,1000         79,5600         75,7000         72,2000         79,6700        
72,2000         79,6700         75,8000         72,3000         79,7800        
72,3000         79,7800         75,9000         72,4000         79,8900        
72,4000         79,8900         76,0000         72,5000         80,0000        
72,5000         80,0000         76,1000         72,6000         80,1100        
72,6000         80,1100         76,2000         72,7000         80,2200        
72,7000         80,2200         76,3000         72,8000         80,3300        
72,8000         80,3300         76,4000         72,9000         80,4400        
72,9000         80,4400         76,5000         73,0000         80,5500        
73,0000         80,5500         76,6000         73,1000         80,6600        
73,1000         80,6600         76,7000         73,2000         80,7700        
73,2000         80,7700         76,8000         73,3000         80,8800        
73,3000         80,8800         76,9000         73,4000         80,9900        
73,4000         80,9900         77,0000         73,5000         81,1000        
73,5000         81,1000         77,1000         73,6000         81,2100        
73,6000         81,2100         77,2000         73,7000         81,3200        
73,7000         81,3200         77,3000         73,8000         81,4300        
73,8000         81,4300         77,4000         73,9000         81,5400        
73,9000         81,5400         77,5000         74,0000         81,6500        
74,0000         81,6500         77,6000         74,1000         81,7600        
74,1000         81,7600         77,7000         74,2000         81,8700        
74,2000         81,8700         77,8000         74,3000         81,9800        
74,3000         81,9800         77,9000         74,4000         82,0900        
74,4000         82,0900         78,0000         74,5000         82,2000        
74,5000         82,2000         78,1000         74,6000         82,3100        
74,6000         82,3100         78,2000         74,7000         82,4200        
74,7000         82,4200         78,3000         74,8000         82,5300        
74,8000         82,5300         78,4000         74,9000         82,6400        
74,9000         82,6400         78,5000         75,0000         82,7500        
75,0000         82,7500         78,6000         75,1000         82,8600        
75,1000         82,8600         78,7000         75,2000         82,9700        
75,2000         82,9700         78,8000         75,3000         83,0800        
75,3000         83,0800         78,9000         75,4000         83,1900        
75,4000         83,1900         79,0000         75,5000         83,3000        
75,5000         83,3000         79,1000         75,6000         83,4100        
75,6000         83,4100         79,2000         75,7000         83,5200        
75,7000         83,5200         79,3000         75,8000         83,6300        
75,8000         83,6300         79,4000         75,9000         83,7400        
75,9000         83,7400         79,5000         76,0000         83,8500        
76,0000         83,8500         79,6000         76,1000         83,9600        
76,1000         83,9600         79,7000         76,2000         84,0700        
76,2000         84,0700         79,8000         76,3000         84,1800        
76,3000         84,1800         79,9000         76,4000         84,2900        
76,4000         84,2900         80,0000         76,5000         84,4000        
76,5000         84,4000         80,1000         76,6000         84,5100        
76,6000         84,5100         80,2000         76,7000         84,6200        
76,7000         84,6200         80,3000         76,8000         84,7300        
76,8000         84,7300         80,4000         76,9000         84,8400        
76,9000         84,8400         80,5000         77,0000         84,9500        
77,0000         84,9500         80,6000         77,1000         85,0600        
77,1000         85,0600         80,7000         77,2000         85,1700        
77,2000         85,1700         80,8000         77,3000         85,2800        
77,3000         85,2800         80,9000         77,4000         85,3900        
77,4000         85,3900         81,0000         77,5000         85,5000        
77,5000         85,5000         81,1000         77,6000         85,6100        
77,6000         85,6100         81,2000         77,7000         85,7200        
77,7000         85,7200         81,3000         77,8000         85,8300        
77,8000         85,8300         81,4000         77,9000         85,9400        
77,9000         85,9400         81,5000         78,0000         86,0500        
78,0000         86,0500         81,6000         78,1000         86,1600        
78,1000         86,1600         81,7000         78,2000         86,2700        
78,2000         86,2700         81,8000         78,3000         86,3800        
78,3000         86,3800         81,9000         78,4000         86,4900        
78,4000         86,4900         82,0000         78,5000         86,6000        
78,5000         86,6000         82,1000         78,6000         86,7100        
78,6000         86,7100         82,2000         78,7000         86,8200        
78,7000         86,8200         82,3000         78,8000         86,9300        
78,8000         86,9300         82,4000         78,9000         87,0400        
78,9000         87,0400         82,5000         79,0000         87,1500        
79,0000         87,1500         82,6000         79,1000         87,2600        
79,1000         87,2600         82,7000         79,2000         87,3700        
79,2000         87,3700         82,8000         79,3000         87,4800        
79,3000         87,4800         82,9000         79,4000         87,5900        
79,4000         87,5900         83,0000         79,5000         87,7000        
79,5000         87,7000         83,1000         79,6000         87,8100        
79,6000         87,8100         83,2000         79,7000         87,9200        
79,7000         87,9200         83,3000         79,8000         88,0300        
79,8000         88,0300         83,4000         79,9000         88,1400        
79,9000         88,1400         83,5000         80,0000         88,2500        
80,0000         88,2500         83,6000         80,1000         88,3600        
80,1000         88,3600         83,7000         80,2000         88,4700        
80,2000         88,4700         83,8000         80,3000         88,5800        
80,3000         88,5800         83,9000         80,4000         88,6900        
80,4000         88,6900         84,0000         80,5000         88,8000        
80,5000         88,8000         84,1000         80,6000         88,9100        
80,6000         88,9100         84,2000         80,7000         89,0200        
80,7000         89,0200         84,3000         80,8000         89,1300        
80,8000         89,1300         84,4000         80,9000         89,2400        
80,9000         89,2400         84,5000         81,0000         89,3500        
81,0000         89,3500         84,6000         81,1000         89,4600        
81,1000         89,4600         84,7000         81,2000         89,5700        
81,2000         89,5700         84,8000         81,3000         89,6800        
81,3000         89,6800         84,9000         81,4000         89,7900        
81,4000         89,7900         85,0000         81,5000         89,9000        
81,5000         89,9000         85,1000         81,6000         90,0100        
81,6000         90,0100         85,2000         81,7000         90,1200        
81,7000         90,1200         85,3000         81,8000         90,2300        
81,8000         90,2300         85,4000         81,9000         90,3400        
81,9000         90,3400         85,5000         82,0000         90,4500        
82,0000         90,4500         85,6000         82,1000         90,5600        
82,1000         90,5600         85,7000         82,2000         90,6700        
82,2000         90,6700         85,8000         82,3000         90,7800        
82,3000         90,7800         85,9000         82,4000         90,8900        
82,4000         90,8900         86,0000         82,5000         91,0000        
82,5000         91,0000         86,1000         82,6000         91,1100        
82,6000         91,1100         86,2000         82,7000         91,2200        
82,7000         91,2200         86,3000         82,8000         91,3300        
82,8000         91,3300         86,4000         82,9000         91,4400        
82,9000         91,4400         86,5000         83,0000         91,5500        
83,0000         91,5500         86,6000         83,1000         91,6600        
83,1000         91,6600         86,7000         83,2000         91,7700        
83,2000         91,7700         86,8000         83,3000         91,8800        
83,3000         91,8800         86,9000         83,4000         91,9900        
83,4000         91,9900         87,0000         83,5000         92,1000        
83,5000         92,1000         87,1000         83,6000         92,2100        
83,6000         92,2100         87,2000         83,7000         92,3200        
83,7000         92,3200         87,3000         83,8000         92,4300        
83,8000         92,4300         87,4000         83,9000         92,5400        
83,9000         92,5400         87,5000         84,0000         92,6500        
84,0000         92,6500         87,6000         84,1000         92,7600        
84,1000         92,7600         87,7000         84,2000         92,8700        
84,2000         92,8700         87,8000         84,3000         92,9800        
84,3000         92,9800         87,9000         84,4000         93,0900        
84,4000         93,0900         88,0000         84,5000         93,2000        
84,5000         93,2000         88,1000         84,6000         93,3100        
84,6000         93,3100         88,2000         84,7000         93,4200        
84,7000         93,4200         88,3000         84,8000         93,5300        
84,8000         93,5300         88,4000         84,9000         93,6400        
84,9000         93,6400         88,5000         85,0000         93,7500        
85,0000         93,7500         88,6000         85,1000         93,8600        
85,1000         93,8600         88,7000         85,2000         93,9700        
85,2000         93,9700         88,8000         85,3000         94,0800        
85,3000         94,0800         88,9000         85,4000         94,1900        
85,4000         94,1900         89,0000         85,5000         94,3000        
85,5000         94,3000         89,1000         85,6000         94,4100        
85,6000         94,4100         89,2000         85,7000         94,5200        
85,7000         94,5200         89,3000         85,8000         94,6300        
85,8000         94,6300         89,4000         85,9000         94,7400        
85,9000         94,7400         89,5000         86,0000         94,8500        
86,0000         94,8500         89,6000         86,1000         94,9600        
86,1000         94,9600         89,7000         86,2000         95,0700        
86,2000         95,0700         89,8000         86,3000         95,1800        
86,3000         95,1800         89,9000         86,4000         95,2900        
86,4000         95,2900         90,0000         86,5000         95,4000        
86,5000         95,4000         90,1000         86,6000         95,5100        
86,6000         95,5100         90,2000         86,7000         95,6200        
86,7000         95,6200         90,3000         86,8000         95,7300        
86,8000         95,7300         90,4000         86,9000         95,8400        
86,9000         95,8400         90,5000         87,0000         95,9500        
87,0000         95,9500         90,6000         87,1000         96,0600        
87,1000         96,0600         90,7000         87,2000         96,1700        
87,2000         96,1700         90,8000         87,3000         96,2800        
87,3000         96,2800         90,9000         87,4000         96,3900        
87,4000         96,3900         91,0000         87,5000         96,5000        
87,5000         96,5000         91,1000         87,6000         96,6100        
87,6000         96,6100         91,2000         87,7000         96,7200        
87,7000         96,7200         91,3000         87,8000         96,8300        
87,8000         96,8300         91,4000         87,9000         96,9400        
87,9000         96,9400         91,5000         88,0000         97,0500        
88,0000         97,0500         91,6000         88,1000         97,1600        
88,1000         97,1600         91,7000         88,2000         97,2700        
88,2000         97,2700         91,8000         88,3000         97,3800        
88,3000         97,3800         91,9000         88,4000         97,4900        
88,4000         97,4900         92,0000         88,5000         97,6000        
88,5000         97,6000         92,1000         88,6000         97,7100        
88,6000         97,7100         92,2000         88,7000         97,8200        
88,7000         97,8200         92,3000         88,8000         97,9300        
88,8000         97,9300         92,4000         88,9000         98,0400        
88,9000         98,0400         92,5000         89,0000         98,1500        
89,0000         98,1500         92,6000         89,1000         98,2600        
89,1000         98,2600         92,7000         89,2000         98,3700        
89,2000         98,3700         92,8000         89,3000         98,4800        
89,3000         98,4800         92,9000         89,4000         98,5900        
89,4000         98,5900         93,0000         89,5000         98,7000        
89,5000         98,7000         93,1000         89,6000         98,8100        
89,6000         98,8100         93,2000         89,7000         98,9200        
89,7000         98,9200         93,3000         89,8000         99,0300        
89,8000         99,0300         93,4000         89,9000         99,1400        
89,9000         99,1400         93,5000         90,0000         99,2500        
90,0000         99,2500         93,6000         90,1000         99,3600        
90,1000         99,3600         93,7000         90,2000         99,4700        
90,2000         99,4700         93,8000         90,3000         99,5800        
90,3000         99,5800         93,9000         90,4000         99,6900        
90,4000         99,6900         94,0000         90,5000         99,8000        
90,5000         99,8000         94,1000         90,6000         99,9100        
90,6000         99,9100         94,2000         90,7000         100,0200       
90,7000         100,0200        94,3000         90,8000         100,1300       
