ti              Di              dD/dt           ti+1            Di+1           
0,0000          0,0000          4,2000          0,1000          ,4200          
0,1000          0,4200          4,3000          0,2000          ,5300          
0,2000          0,5300          4,4000          0,3000          ,6400          
0,3000          0,6400          4,5000          0,4000          ,7500          
0,4000          0,7500          4,6000          0,5000          ,8600          
0,5000          0,8600          4,7000          0,6000          ,9700          
0,6000          0,9700          4,8000          0,7000          1,0800         
0,7000          1,0800          4,9000          0,8000          1,1900         
0,8000          1,1900          5,0000          0,9000          1,3000         
0,9000          1,3000          5,1000          1,0000          1,4100         
1,0000          1,4100          5,2000          1,1000          1,5200         
1,1000          1,5200          5,3000          1,2000          1,6300         
1,2000          1,6300          5,4000          1,3000          1,7400         
1,3000          1,7400          5,5000          1,4000          1,8500         
1,4000          1,8500          5,6000          1,5000          1,9600         
1,5000          1,9600          5,7000          1,6000          2,0700         
1,6000          2,0700          5,8000          1,7000          2,1800         
1,7000          2,1800          5,9000          1,8000          2,2900         
1,8000          2,2900          6,0000          1,9000          2,4000         
1,9000          2,4000          6,1000          2,0000          2,5100         
2,0000          2,5100          6,2000          2,1000          2,6200         
2,1000          2,6200          6,3000          2,2000          2,7300         
2,2000          2,7300          6,4000          2,3000          2,8400         
2,3000          2,8400          6,5000          2,4000          2,9500         
2,4000          2,9500          6,6000          2,5000          3,0600         
2,5000          3,0600          6,7000          2,6000          3,1700         
2,6000          3,1700          6,8000          2,7000          3,2800         
2,7000          3,2800          6,9000          2,8000          3,3900         
2,8000          3,3900          7,0000          2,9000          3,5000         
2,9000          3,5000          7,1000          3,0000          3,6100         
3,0000          3,6100          7,2000          3,1000          3,7200         
3,1000          3,7200          7,3000          3,2000          3,8300         
3,2000          3,8300          7,4000          3,3000          3,9400         
3,3000          3,9400          7,5000          3,4000          4,0500         
3,4000          4,0500          7,6000          3,5000          4,1600         
3,5000          4,1600          7,7000          3,6000          4,2700         
3,6000          4,2700          7,8000          3,7000          4,3800         
3,7000          4,3800          7,9000          3,8000          4,4900         
3,8000          4,4900          8,0000          3,9000          4,6000         
3,9000          4,6000          8,1000          4,0000          4,7100         
4,0000          4,7100          8,2000          4,1000          4,8200         
4,1000          4,8200          8,3000          4,2000          4,9300         
4,2000          4,9300          8,4000          4,3000          5,0400         
4,3000          5,0400          8,5000          4,4000          5,1500         
4,4000          5,1500          8,6000          4,5000          5,2600         
4,5000          5,2600          8,7000          4,6000          5,3700         
4,6000          5,3700          8,8000          4,7000          5,4800         
4,7000          5,4800          8,9000          4,8000          5,5900         
4,8000          5,5900          9,0000          4,9000          5,7000         
4,9000          5,7000          9,1000          5,0000          5,8100         
5,0000          5,8100          9,2000          5,1000          5,9200         
5,1000          5,9200          9,3000          5,2000          6,0300         
5,2000          6,0300          9,4000          5,3000          6,1400         
5,3000          6,1400          9,5000          5,4000          6,2500         
5,4000          6,2500          9,6000          5,5000          6,3600         
5,5000          6,3600          9,7000          5,6000          6,4700         
5,6000          6,4700          9,8000          5,7000          6,5800         
5,7000          6,5800          9,9000          5,8000          6,6900         
5,8000          6,6900          10,0000         5,9000          6,8000         
5,9000          6,8000          10,1000         6,0000          6,9100         
6,0000          6,9100          10,2000         6,1000          7,0200         
6,1000          7,0200          10,3000         6,2000          7,1300         
6,2000          7,1300          10,4000         6,3000          7,2400         
6,3000          7,2400          10,5000         6,4000          7,3500         
6,4000          7,3500          10,6000         6,5000          7,4600         
6,5000          7,4600          10,7000         6,6000          7,5700         
6,6000          7,5700          10,8000         6,7000          7,6800         
6,7000          7,6800          10,9000         6,8000          7,7900         
6,8000          7,7900          11,0000         6,9000          7,9000         
6,9000          7,9000          11,1000         7,0000          8,0100         
7,0000          8,0100          11,2000         7,1000          8,1200         
7,1000          8,1200          11,3000         7,2000          8,2300         
7,2000          8,2300          11,4000         7,3000          8,3400         
7,3000          8,3400          11,5000         7,4000          8,4500         
7,4000          8,4500          11,6000         7,5000          8,5600         
7,5000          8,5600          11,7000         7,6000          8,6700         
7,6000          8,6700          11,8000         7,7000          8,7800         
7,7000          8,7800          11,9000         7,8000          8,8900         
7,8000          8,8900          12,0000         7,9000          9,0000         
7,9000          9,0000          12,1000         8,0000          9,1100         
8,0000          9,1100          12,2000         8,1000          9,2200         
8,1000          9,2200          12,3000         8,2000          9,3300         
8,2000          9,3300          12,4000         8,3000          9,4400         
8,3000          9,4400          12,5000         8,4000          9,5500         
8,4000          9,5500          12,6000         8,5000          9,6600         
8,5000          9,6600          12,7000         8,6000          9,7700         
8,6000          9,7700          12,8000         8,7000          9,8800         
8,7000          9,8800          12,9000         8,8000          9,9900         
8,8000          9,9900          13,0000         8,9000          10,1000        
8,9000          10,1000         13,1000         9,0000          10,2100        
9,0000          10,2100         13,2000         9,1000          10,3200        
9,1000          10,3200         13,3000         9,2000          10,4300        
9,2000          10,4300         13,4000         9,3000          10,5400        
9,3000          10,5400         13,5000         9,4000          10,6500        
9,4000          10,6500         13,6000         9,5000          10,7600        
9,5000          10,7600         13,7000         9,6000          10,8700        
9,6000          10,8700         13,8000         9,7000          10,9800        
9,7000          10,9800         13,9000         9,8000          11,0900        
9,8000          11,0900         14,0000         9,9000          11,2000        
9,9000          11,2000         14,1000         10,0000         11,3100        
10,0000         11,3100         14,2000         10,1000         11,4200        
10,1000         11,4200         14,3000         10,2000         11,5300        
10,2000         11,5300         14,4000         10,3000         11,6400        
10,3000         11,6400         14,5000         10,4000         11,7500        
10,4000         11,7500         14,6000         10,5000         11,8600        
10,5000         11,8600         14,7000         10,6000         11,9700        
10,6000         11,9700         14,8000         10,7000         12,0800        
10,7000         12,0800         14,9000         10,8000         12,1900        
10,8000         12,1900         15,0000         10,9000         12,3000        
10,9000         12,3000         15,1000         11,0000         12,4100        
11,0000         12,4100         15,2000         11,1000         12,5200        
11,1000         12,5200         15,3000         11,2000         12,6300        
11,2000         12,6300         15,4000         11,3000         12,7400        
11,3000         12,7400         15,5000         11,4000         12,8500        
11,4000         12,8500         15,6000         11,5000         12,9600        
11,5000         12,9600         15,7000         11,6000         13,0700        
11,6000         13,0700         15,8000         11,7000         13,1800        
11,7000         13,1800         15,9000         11,8000         13,2900        
11,8000         13,2900         16,0000         11,9000         13,4000        
11,9000         13,4000         16,1000         12,0000         13,5100        
12,0000         13,5100         16,2000         12,1000         13,6200        
12,1000         13,6200         16,3000         12,2000         13,7300        
12,2000         13,7300         16,4000         12,3000         13,8400        
12,3000         13,8400         16,5000         12,4000         13,9500        
12,4000         13,9500         16,6000         12,5000         14,0600        
12,5000         14,0600         16,7000         12,6000         14,1700        
12,6000         14,1700         16,8000         12,7000         14,2800        
12,7000         14,2800         16,9000         12,8000         14,3900        
12,8000         14,3900         17,0000         12,9000         14,5000        
12,9000         14,5000         17,1000         13,0000         14,6100        
13,0000         14,6100         17,2000         13,1000         14,7200        
13,1000         14,7200         17,3000         13,2000         14,8300        
13,2000         14,8300         17,4000         13,3000         14,9400        
13,3000         14,9400         17,5000         13,4000         15,0500        
13,4000         15,0500         17,6000         13,5000         15,1600        
13,5000         15,1600         17,7000         13,6000         15,2700        
13,6000         15,2700         17,8000         13,7000         15,3800        
13,7000         15,3800         17,9000         13,8000         15,4900        
13,8000         15,4900         18,0000         13,9000         15,6000        
13,9000         15,6000         18,1000         14,0000         15,7100        
14,0000         15,7100         18,2000         14,1000         15,8200        
14,1000         15,8200         18,3000         14,2000         15,9300        
14,2000         15,9300         18,4000         14,3000         16,0400        
14,3000         16,0400         18,5000         14,4000         16,1500        
14,4000         16,1500         18,6000         14,5000         16,2600        
14,5000         16,2600         18,7000         14,6000         16,3700        
14,6000         16,3700         18,8000         14,7000         16,4800        
14,7000         16,4800         18,9000         14,8000         16,5900        
14,8000         16,5900         19,0000         14,9000         16,7000        
14,9000         16,7000         19,1000         15,0000         16,8100        
15,0000         16,8100         19,2000         15,1000         16,9200        
15,1000         16,9200         19,3000         15,2000         17,0300        
15,2000         17,0300         19,4000         15,3000         17,1400        
15,3000         17,1400         19,5000         15,4000         17,2500        
15,4000         17,2500         19,6000         15,5000         17,3600        
15,5000         17,3600         19,7000         15,6000         17,4700        
15,6000         17,4700         19,8000         15,7000         17,5800        
15,7000         17,5800         19,9000         15,8000         17,6900        
15,8000         17,6900         20,0000         15,9000         17,8000        
15,9000         17,8000         20,1000         16,0000         17,9100        
16,0000         17,9100         20,2000         16,1000         18,0200        
16,1000         18,0200         20,3000         16,2000         18,1300        
16,2000         18,1300         20,4000         16,3000         18,2400        
16,3000         18,2400         20,5000         16,4000         18,3500        
16,4000         18,3500         20,6000         16,5000         18,4600        
16,5000         18,4600         20,7000         16,6000         18,5700        
16,6000         18,5700         20,8000         16,7000         18,6800        
16,7000         18,6800         20,9000         16,8000         18,7900        
16,8000         18,7900         21,0000         16,9000         18,9000        
16,9000         18,9000         21,1000         17,0000         19,0100        
17,0000         19,0100         21,2000         17,1000         19,1200        
17,1000         19,1200         21,3000         17,2000         19,2300        
17,2000         19,2300         21,4000         17,3000         19,3400        
17,3000         19,3400         21,5000         17,4000         19,4500        
17,4000         19,4500         21,6000         17,5000         19,5600        
17,5000         19,5600         21,7000         17,6000         19,6700        
17,6000         19,6700         21,8000         17,7000         19,7800        
17,7000         19,7800         21,9000         17,8000         19,8900        
17,8000         19,8900         22,0000         17,9000         20,0000        
17,9000         20,0000         22,1000         18,0000         20,1100        
18,0000         20,1100         22,2000         18,1000         20,2200        
18,1000         20,2200         22,3000         18,2000         20,3300        
18,2000         20,3300         22,4000         18,3000         20,4400        
18,3000         20,4400         22,5000         18,4000         20,5500        
18,4000         20,5500         22,6000         18,5000         20,6600        
18,5000         20,6600         22,7000         18,6000         20,7700        
18,6000         20,7700         22,8000         18,7000         20,8800        
18,7000         20,8800         22,9000         18,8000         20,9900        
18,8000         20,9900         23,0000         18,9000         21,1000        
18,9000         21,1000         23,1000         19,0000         21,2100        
19,0000         21,2100         23,2000         19,1000         21,3200        
19,1000         21,3200         23,3000         19,2000         21,4300        
19,2000         21,4300         23,4000         19,3000         21,5400        
19,3000         21,5400         23,5000         19,4000         21,6500        
19,4000         21,6500         23,6000         19,5000         21,7600        
19,5000         21,7600         23,7000         19,6000         21,8700        
19,6000         21,8700         23,8000         19,7000         21,9800        
19,7000         21,9800         23,9000         19,8000         22,0900        
19,8000         22,0900         24,0000         19,9000         22,2000        
19,9000         22,2000         24,1000         20,0000         22,3100        
20,0000         22,3100         24,2000         20,1000         22,4200        
20,1000         22,4200         24,3000         20,2000         22,5300        
20,2000         22,5300         24,4000         20,3000         22,6400        
20,3000         22,6400         24,5000         20,4000         22,7500        
20,4000         22,7500         24,6000         20,5000         22,8600        
20,5000         22,8600         24,7000         20,6000         22,9700        
20,6000         22,9700         24,8000         20,7000         23,0800        
20,7000         23,0800         24,9000         20,8000         23,1900        
20,8000         23,1900         25,0000         20,9000         23,3000        
20,9000         23,3000         25,1000         21,0000         23,4100        
21,0000         23,4100         25,2000         21,1000         23,5200        
21,1000         23,5200         25,3000         21,2000         23,6300        
21,2000         23,6300         25,4000         21,3000         23,7400        
21,3000         23,7400         25,5000         21,4000         23,8500        
21,4000         23,8500         25,6000         21,5000         23,9600        
21,5000         23,9600         25,7000         21,6000         24,0700        
21,6000         24,0700         25,8000         21,7000         24,1800        
21,7000         24,1800         25,9000         21,8000         24,2900        
21,8000         24,2900         26,0000         21,9000         24,4000        
21,9000         24,4000         26,1000         22,0000         24,5100        
22,0000         24,5100         26,2000         22,1000         24,6200        
22,1000         24,6200         26,3000         22,2000         24,7300        
22,2000         24,7300         26,4000         22,3000         24,8400        
22,3000         24,8400         26,5000         22,4000         24,9500        
22,4000         24,9500         26,6000         22,5000         25,0600        
22,5000         25,0600         26,7000         22,6000         25,1700        
22,6000         25,1700         26,8000         22,7000         25,2800        
22,7000         25,2800         26,9000         22,8000         25,3900        
22,8000         25,3900         27,0000         22,9000         25,5000        
22,9000         25,5000         27,1000         23,0000         25,6100        
23,0000         25,6100         27,2000         23,1000         25,7200        
23,1000         25,7200         27,3000         23,2000         25,8300        
23,2000         25,8300         27,4000         23,3000         25,9400        
23,3000         25,9400         27,5000         23,4000         26,0500        
23,4000         26,0500         27,6000         23,5000         26,1600        
23,5000         26,1600         27,7000         23,6000         26,2700        
23,6000         26,2700         27,8000         23,7000         26,3800        
23,7000         26,3800         27,9000         23,8000         26,4900        
23,8000         26,4900         28,0000         23,9000         26,6000        
23,9000         26,6000         28,1000         24,0000         26,7100        
24,0000         26,7100         28,2000         24,1000         26,8200        
24,1000         26,8200         28,3000         24,2000         26,9300        
24,2000         26,9300         28,4000         24,3000         27,0400        
24,3000         27,0400         28,5000         24,4000         27,1500        
24,4000         27,1500         28,6000         24,5000         27,2600        
24,5000         27,2600         28,7000         24,6000         27,3700        
24,6000         27,3700         28,8000         24,7000         27,4800        
24,7000         27,4800         28,9000         24,8000         27,5900        
24,8000         27,5900         29,0000         24,9000         27,7000        
24,9000         27,7000         29,1000         25,0000         27,8100        
25,0000         27,8100         29,2000         25,1000         27,9200        
25,1000         27,9200         29,3000         25,2000         28,0300        
25,2000         28,0300         29,4000         25,3000         28,1400        
25,3000         28,1400         29,5000         25,4000         28,2500        
25,4000         28,2500         29,6000         25,5000         28,3600        
25,5000         28,3600         29,7000         25,6000         28,4700        
25,6000         28,4700         29,8000         25,7000         28,5800        
25,7000         28,5800         29,9000         25,8000         28,6900        
25,8000         28,6900         30,0000         25,9000         28,8000        
25,9000         28,8000         30,1000         26,0000         28,9100        
26,0000         28,9100         30,2000         26,1000         29,0200        
26,1000         29,0200         30,3000         26,2000         29,1300        
26,2000         29,1300         30,4000         26,3000         29,2400        
26,3000         29,2400         30,5000         26,4000         29,3500        
26,4000         29,3500         30,6000         26,5000         29,4600        
26,5000         29,4600         30,7000         26,6000         29,5700        
26,6000         29,5700         30,8000         26,7000         29,6800        
26,7000         29,6800         30,9000         26,8000         29,7900        
26,8000         29,7900         31,0000         26,9000         29,9000        
26,9000         29,9000         31,1000         27,0000         30,0100        
27,0000         30,0100         31,2000         27,1000         30,1200        
27,1000         30,1200         31,3000         27,2000         30,2300        
27,2000         30,2300         31,4000         27,3000         30,3400        
27,3000         30,3400         31,5000         27,4000         30,4500        
27,4000         30,4500         31,6000         27,5000         30,5600        
27,5000         30,5600         31,7000         27,6000         30,6700        
27,6000         30,6700         31,8000         27,7000         30,7800        
27,7000         30,7800         31,9000         27,8000         30,8900        
27,8000         30,8900         32,0000         27,9000         31,0000        
27,9000         31,0000         32,1000         28,0000         31,1100        
28,0000         31,1100         32,2000         28,1000         31,2200        
28,1000         31,2200         32,3000         28,2000         31,3300        
28,2000         31,3300         32,4000         28,3000         31,4400        
28,3000         31,4400         32,5000         28,4000         31,5500        
28,4000         31,5500         32,6000         28,5000         31,6600        
28,5000         31,6600         32,7000         28,6000         31,7700        
28,6000         31,7700         32,8000         28,7000         31,8800        
28,7000         31,8800         32,9000         28,8000         31,9900        
28,8000         31,9900         33,0000         28,9000         32,1000        
28,9000         32,1000         33,1000         29,0000         32,2100        
29,0000         32,2100         33,2000         29,1000         32,3200        
29,1000         32,3200         33,3000         29,2000         32,4300        
29,2000         32,4300         33,4000         29,3000         32,5400        
29,3000         32,5400         33,5000         29,4000         32,6500        
29,4000         32,6500         33,6000         29,5000         32,7600        
29,5000         32,7600         33,7000         29,6000         32,8700        
29,6000         32,8700         33,8000         29,7000         32,9800        
29,7000         32,9800         33,9000         29,8000         33,0900        
29,8000         33,0900         34,0000         29,9000         33,2000        
29,9000         33,2000         34,1000         30,0000         33,3100        
30,0000         33,3100         34,2000         30,1000         33,4200        
30,1000         33,4200         34,3000         30,2000         33,5300        
30,2000         33,5300         34,4000         30,3000         33,6400        
30,3000         33,6400         34,5000         30,4000         33,7500        
30,4000         33,7500         34,6000         30,5000         33,8600        
30,5000         33,8600         34,7000         30,6000         33,9700        
30,6000         33,9700         34,8000         30,7000         34,0800        
30,7000         34,0800         34,9000         30,8000         34,1900        
30,8000         34,1900         35,0000         30,9000         34,3000        
30,9000         34,3000         35,1000         31,0000         34,4100        
31,0000         34,4100         35,2000         31,1000         34,5200        
31,1000         34,5200         35,3000         31,2000         34,6300        
31,2000         34,6300         35,4000         31,3000         34,7400        
31,3000         34,7400         35,5000         31,4000         34,8500        
31,4000         34,8500         35,6000         31,5000         34,9600        
31,5000         34,9600         35,7000         31,6000         35,0700        
31,6000         35,0700         35,8000         31,7000         35,1800        
31,7000         35,1800         35,9000         31,8000         35,2900        
31,8000         35,2900         36,0000         31,9000         35,4000        
31,9000         35,4000         36,1000         32,0000         35,5100        
32,0000         35,5100         36,2000         32,1000         35,6200        
32,1000         35,6200         36,3000         32,2000         35,7300        
32,2000         35,7300         36,4000         32,3000         35,8400        
32,3000         35,8400         36,5000         32,4000         35,9500        
32,4000         35,9500         36,6000         32,5000         36,0600        
32,5000         36,0600         36,7000         32,6000         36,1700        
32,6000         36,1700         36,8000         32,7000         36,2800        
32,7000         36,2800         36,9000         32,8000         36,3900        
32,8000         36,3900         37,0000         32,9000         36,5000        
32,9000         36,5000         37,1000         33,0000         36,6100        
33,0000         36,6100         37,2000         33,1000         36,7200        
33,1000         36,7200         37,3000         33,2000         36,8300        
33,2000         36,8300         37,4000         33,3000         36,9400        
33,3000         36,9400         37,5000         33,4000         37,0500        
33,4000         37,0500         37,6000         33,5000         37,1600        
33,5000         37,1600         37,7000         33,6000         37,2700        
33,6000         37,2700         37,8000         33,7000         37,3800        
33,7000         37,3800         37,9000         33,8000         37,4900        
33,8000         37,4900         38,0000         33,9000         37,6000        
33,9000         37,6000         38,1000         34,0000         37,7100        
34,0000         37,7100         38,2000         34,1000         37,8200        
34,1000         37,8200         38,3000         34,2000         37,9300        
34,2000         37,9300         38,4000         34,3000         38,0400        
34,3000         38,0400         38,5000         34,4000         38,1500        
34,4000         38,1500         38,6000         34,5000         38,2600        
34,5000         38,2600         38,7000         34,6000         38,3700        
34,6000         38,3700         38,8000         34,7000         38,4800        
34,7000         38,4800         38,9000         34,8000         38,5900        
34,8000         38,5900         39,0000         34,9000         38,7000        
34,9000         38,7000         39,1000         35,0000         38,8100        
35,0000         38,8100         39,2000         35,1000         38,9200        
35,1000         38,9200         39,3000         35,2000         39,0300        
35,2000         39,0300         39,4000         35,3000         39,1400        
35,3000         39,1400         39,5000         35,4000         39,2500        
35,4000         39,2500         39,6000         35,5000         39,3600        
35,5000         39,3600         39,7000         35,6000         39,4700        
35,6000         39,4700         39,8000         35,7000         39,5800        
35,7000         39,5800         39,9000         35,8000         39,6900        
35,8000         39,6900         40,0000         35,9000         39,8000        
35,9000         39,8000         40,1000         36,0000         39,9100        
36,0000         39,9100         40,2000         36,1000         40,0200        
36,1000         40,0200         40,3000         36,2000         40,1300        
36,2000         40,1300         40,4000         36,3000         40,2400        
36,3000         40,2400         40,5000         36,4000         40,3500        
36,4000         40,3500         40,6000         36,5000         40,4600        
36,5000         40,4600         40,7000         36,6000         40,5700        
36,6000         40,5700         40,8000         36,7000         40,6800        
36,7000         40,6800         40,9000         36,8000         40,7900        
36,8000         40,7900         41,0000         36,9000         40,9000        
36,9000         40,9000         41,1000         37,0000         41,0100        
37,0000         41,0100         41,2000         37,1000         41,1200        
37,1000         41,1200         41,3000         37,2000         41,2300        
37,2000         41,2300         41,4000         37,3000         41,3400        
37,3000         41,3400         41,5000         37,4000         41,4500        
37,4000         41,4500         41,6000         37,5000         41,5600        
37,5000         41,5600         41,7000         37,6000         41,6700        
37,6000         41,6700         41,8000         37,7000         41,7800        
37,7000         41,7800         41,9000         37,8000         41,8900        
37,8000         41,8900         42,0000         37,9000         42,0000        
37,9000         42,0000         42,1000         38,0000         42,1100        
38,0000         42,1100         42,2000         38,1000         42,2200        
38,1000         42,2200         42,3000         38,2000         42,3300        
38,2000         42,3300         42,4000         38,3000         42,4400        
38,3000         42,4400         42,5000         38,4000         42,5500        
38,4000         42,5500         42,6000         38,5000         42,6600        
38,5000         42,6600         42,7000         38,6000         42,7700        
38,6000         42,7700         42,8000         38,7000         42,8800        
38,7000         42,8800         42,9000         38,8000         42,9900        
38,8000         42,9900         43,0000         38,9000         43,1000        
38,9000         43,1000         43,1000         39,0000         43,2100        
39,0000         43,2100         43,2000         39,1000         43,3200        
39,1000         43,3200         43,3000         39,2000         43,4300        
39,2000         43,4300         43,4000         39,3000         43,5400        
39,3000         43,5400         43,5000         39,4000         43,6500        
39,4000         43,6500         43,6000         39,5000         43,7600        
39,5000         43,7600         43,7000         39,6000         43,8700        
39,6000         43,8700         43,8000         39,7000         43,9800        
39,7000         43,9800         43,9000         39,8000         44,0900        
39,8000         44,0900         44,0000         39,9000         44,2000        
39,9000         44,2000         44,1000         40,0000         44,3100        
40,0000         44,3100         44,2000         40,1000         44,4200        
40,1000         44,4200         44,3000         40,2000         44,5300        
40,2000         44,5300         44,4000         40,3000         44,6400        
40,3000         44,6400         44,5000         40,4000         44,7500        
40,4000         44,7500         44,6000         40,5000         44,8600        
40,5000         44,8600         44,7000         40,6000         44,9700        
40,6000         44,9700         44,8000         40,7000         45,0800        
40,7000         45,0800         44,9000         40,8000         45,1900        
40,8000         45,1900         45,0000         40,9000         45,3000        
40,9000         45,3000         45,1000         41,0000         45,4100        
41,0000         45,4100         45,2000         41,1000         45,5200        
41,1000         45,5200         45,3000         41,2000         45,6300        
41,2000         45,6300         45,4000         41,3000         45,7400        
41,3000         45,7400         45,5000         41,4000         45,8500        
41,4000         45,8500         45,6000         41,5000         45,9600        
41,5000         45,9600         45,7000         41,6000         46,0700        
41,6000         46,0700         45,8000         41,7000         46,1800        
41,7000         46,1800         45,9000         41,8000         46,2900        
41,8000         46,2900         46,0000         41,9000         46,4000        
41,9000         46,4000         46,1000         42,0000         46,5100        
42,0000         46,5100         46,2000         42,1000         46,6200        
42,1000         46,6200         46,3000         42,2000         46,7300        
42,2000         46,7300         46,4000         42,3000         46,8400        
42,3000         46,8400         46,5000         42,4000         46,9500        
42,4000         46,9500         46,6000         42,5000         47,0600        
42,5000         47,0600         46,7000         42,6000         47,1700        
42,6000         47,1700         46,8000         42,7000         47,2800        
42,7000         47,2800         46,9000         42,8000         47,3900        
42,8000         47,3900         47,0000         42,9000         47,5000        
42,9000         47,5000         47,1000         43,0000         47,6100        
43,0000         47,6100         47,2000         43,1000         47,7200        
43,1000         47,7200         47,3000         43,2000         47,8300        
43,2000         47,8300         47,4000         43,3000         47,9400        
43,3000         47,9400         47,5000         43,4000         48,0500        
43,4000         48,0500         47,6000         43,5000         48,1600        
43,5000         48,1600         47,7000         43,6000         48,2700        
43,6000         48,2700         47,8000         43,7000         48,3800        
43,7000         48,3800         47,9000         43,8000         48,4900        
43,8000         48,4900         48,0000         43,9000         48,6000        
43,9000         48,6000         48,1000         44,0000         48,7100        
44,0000         48,7100         48,2000         44,1000         48,8200        
44,1000         48,8200         48,3000         44,2000         48,9300        
44,2000         48,9300         48,4000         44,3000         49,0400        
44,3000         49,0400         48,5000         44,4000         49,1500        
44,4000         49,1500         48,6000         44,5000         49,2600        
44,5000         49,2600         48,7000         44,6000         49,3700        
44,6000         49,3700         48,8000         44,7000         49,4800        
44,7000         49,4800         48,9000         44,8000         49,5900        
44,8000         49,5900         49,0000         44,9000         49,7000        
44,9000         49,7000         49,1000         45,0000         49,8100        
45,0000         49,8100         49,2000         45,1000         49,9200        
45,1000         49,9200         49,3000         45,2000         50,0300        
45,2000         50,0300         49,4000         45,3000         50,1400        
45,3000         50,1400         49,5000         45,4000         50,2500        
45,4000         50,2500         49,6000         45,5000         50,3600        
45,5000         50,3600         49,7000         45,6000         50,4700        
45,6000         50,4700         49,8000         45,7000         50,5800        
45,7000         50,5800         49,9000         45,8000         50,6900        
45,8000         50,6900         50,0000         45,9000         50,8000        
45,9000         50,8000         50,1000         46,0000         50,9100        
46,0000         50,9100         50,2000         46,1000         51,0200        
46,1000         51,0200         50,3000         46,2000         51,1300        
46,2000         51,1300         50,4000         46,3000         51,2400        
46,3000         51,2400         50,5000         46,4000         51,3500        
46,4000         51,3500         50,6000         46,5000         51,4600        
46,5000         51,4600         50,7000         46,6000         51,5700        
46,6000         51,5700         50,8000         46,7000         51,6800        
46,7000         51,6800         50,9000         46,8000         51,7900        
46,8000         51,7900         51,0000         46,9000         51,9000        
46,9000         51,9000         51,1000         47,0000         52,0100        
47,0000         52,0100         51,2000         47,1000         52,1200        
47,1000         52,1200         51,3000         47,2000         52,2300        
47,2000         52,2300         51,4000         47,3000         52,3400        
47,3000         52,3400         51,5000         47,4000         52,4500        
47,4000         52,4500         51,6000         47,5000         52,5600        
47,5000         52,5600         51,7000         47,6000         52,6700        
47,6000         52,6700         51,8000         47,7000         52,7800        
47,7000         52,7800         51,9000         47,8000         52,8900        
47,8000         52,8900         52,0000         47,9000         53,0000        
47,9000         53,0000         52,1000         48,0000         53,1100        
48,0000         53,1100         52,2000         48,1000         53,2200        
48,1000         53,2200         52,3000         48,2000         53,3300        
48,2000         53,3300         52,4000         48,3000         53,4400        
48,3000         53,4400         52,5000         48,4000         53,5500        
48,4000         53,5500         52,6000         48,5000         53,6600        
48,5000         53,6600         52,7000         48,6000         53,7700        
48,6000         53,7700         52,8000         48,7000         53,8800        
48,7000         53,8800         52,9000         48,8000         53,9900        
48,8000         53,9900         53,0000         48,9000         54,1000        
48,9000         54,1000         53,1000         49,0000         54,2100        
49,0000         54,2100         53,2000         49,1000         54,3200        
49,1000         54,3200         53,3000         49,2000         54,4300        
49,2000         54,4300         53,4000         49,3000         54,5400        
49,3000         54,5400         53,5000         49,4000         54,6500        
49,4000         54,6500         53,6000         49,5000         54,7600        
49,5000         54,7600         53,7000         49,6000         54,8700        
49,6000         54,8700         53,8000         49,7000         54,9800        
49,7000         54,9800         53,9000         49,8000         55,0900        
49,8000         55,0900         54,0000         49,9000         55,2000        
49,9000         55,2000         54,1000         50,0000         55,3100        
50,0000         55,3100         54,2000         50,1000         55,4200        
50,1000         55,4200         54,3000         50,2000         55,5300        
50,2000         55,5300         54,4000         50,3000         55,6400        
50,3000         55,6400         54,5000         50,4000         55,7500        
50,4000         55,7500         54,6000         50,5000         55,8600        
50,5000         55,8600         54,7000         50,6000         55,9700        
50,6000         55,9700         54,8000         50,7000         56,0800        
50,7000         56,0800         54,9000         50,8000         56,1900        
50,8000         56,1900         55,0000         50,9000         56,3000        
50,9000         56,3000         55,1000         51,0000         56,4100        
51,0000         56,4100         55,2000         51,1000         56,5200        
51,1000         56,5200         55,3000         51,2000         56,6300        
51,2000         56,6300         55,4000         51,3000         56,7400        
51,3000         56,7400         55,5000         51,4000         56,8500        
51,4000         56,8500         55,6000         51,5000         56,9600        
51,5000         56,9600         55,7000         51,6000         57,0700        
51,6000         57,0700         55,8000         51,7000         57,1800        
51,7000         57,1800         55,9000         51,8000         57,2900        
51,8000         57,2900         56,0000         51,9000         57,4000        
51,9000         57,4000         56,1000         52,0000         57,5100        
52,0000         57,5100         56,2000         52,1000         57,6200        
52,1000         57,6200         56,3000         52,2000         57,7300        
52,2000         57,7300         56,4000         52,3000         57,8400        
52,3000         57,8400         56,5000         52,4000         57,9500        
52,4000         57,9500         56,6000         52,5000         58,0600        
52,5000         58,0600         56,7000         52,6000         58,1700        
52,6000         58,1700         56,8000         52,7000         58,2800        
52,7000         58,2800         56,9000         52,8000         58,3900        
52,8000         58,3900         57,0000         52,9000         58,5000        
52,9000         58,5000         57,1000         53,0000         58,6100        
53,0000         58,6100         57,2000         53,1000         58,7200        
53,1000         58,7200         57,3000         53,2000         58,8300        
53,2000         58,8300         57,4000         53,3000         58,9400        
53,3000         58,9400         57,5000         53,4000         59,0500        
53,4000         59,0500         57,6000         53,5000         59,1600        
53,5000         59,1600         57,7000         53,6000         59,2700        
53,6000         59,2700         57,8000         53,7000         59,3800        
53,7000         59,3800         57,9000         53,8000         59,4900        
53,8000         59,4900         58,0000         53,9000         59,6000        
53,9000         59,6000         58,1000         54,0000         59,7100        
54,0000         59,7100         58,2000         54,1000         59,8200        
54,1000         59,8200         58,3000         54,2000         59,9300        
54,2000         59,9300         58,4000         54,3000         60,0400        
54,3000         60,0400         58,5000         54,4000         60,1500        
54,4000         60,1500         58,6000         54,5000         60,2600        
54,5000         60,2600         58,7000         54,6000         60,3700        
54,6000         60,3700         58,8000         54,7000         60,4800        
54,7000         60,4800         58,9000         54,8000         60,5900        
54,8000         60,5900         59,0000         54,9000         60,7000        
54,9000         60,7000         59,1000         55,0000         60,8100        
55,0000         60,8100         59,2000         55,1000         60,9200        
55,1000         60,9200         59,3000         55,2000         61,0300        
55,2000         61,0300         59,4000         55,3000         61,1400        
55,3000         61,1400         59,5000         55,4000         61,2500        
55,4000         61,2500         59,6000         55,5000         61,3600        
55,5000         61,3600         59,7000         55,6000         61,4700        
55,6000         61,4700         59,8000         55,7000         61,5800        
55,7000         61,5800         59,9000         55,8000         61,6900        
55,8000         61,6900         60,0000         55,9000         61,8000        
55,9000         61,8000         60,1000         56,0000         61,9100        
56,0000         61,9100         60,2000         56,1000         62,0200        
56,1000         62,0200         60,3000         56,2000         62,1300        
56,2000         62,1300         60,4000         56,3000         62,2400        
56,3000         62,2400         60,5000         56,4000         62,3500        
56,4000         62,3500         60,6000         56,5000         62,4600        
56,5000         62,4600         60,7000         56,6000         62,5700        
56,6000         62,5700         60,8000         56,7000         62,6800        
56,7000         62,6800         60,9000         56,8000         62,7900        
56,8000         62,7900         61,0000         56,9000         62,9000        
56,9000         62,9000         61,1000         57,0000         63,0100        
57,0000         63,0100         61,2000         57,1000         63,1200        
57,1000         63,1200         61,3000         57,2000         63,2300        
57,2000         63,2300         61,4000         57,3000         63,3400        
57,3000         63,3400         61,5000         57,4000         63,4500        
57,4000         63,4500         61,6000         57,5000         63,5600        
57,5000         63,5600         61,7000         57,6000         63,6700        
57,6000         63,6700         61,8000         57,7000         63,7800        
57,7000         63,7800         61,9000         57,8000         63,8900        
57,8000         63,8900         62,0000         57,9000         64,0000        
57,9000         64,0000         62,1000         58,0000         64,1100        
58,0000         64,1100         62,2000         58,1000         64,2200        
58,1000         64,2200         62,3000         58,2000         64,3300        
58,2000         64,3300         62,4000         58,3000         64,4400        
58,3000         64,4400         62,5000         58,4000         64,5500        
58,4000         64,5500         62,6000         58,5000         64,6600        
58,5000         64,6600         62,7000         58,6000         64,7700        
58,6000         64,7700         62,8000         58,7000         64,8800        
58,7000         64,8800         62,9000         58,8000         64,9900        
58,8000         64,9900         63,0000         58,9000         65,1000        
58,9000         65,1000         63,1000         59,0000         65,2100        
59,0000         65,2100         63,2000         59,1000         65,3200        
59,1000         65,3200         63,3000         59,2000         65,4300        
59,2000         65,4300         63,4000         59,3000         65,5400        
59,3000         65,5400         63,5000         59,4000         65,6500        
59,4000         65,6500         63,6000         59,5000         65,7600        
59,5000         65,7600         63,7000         59,6000         65,8700        
59,6000         65,8700         63,8000         59,7000         65,9800        
59,7000         65,9800         63,9000         59,8000         66,0900        
59,8000         66,0900         64,0000         59,9000         66,2000        
59,9000         66,2000         64,1000         60,0000         66,3100        
60,0000         66,3100         64,2000         60,1000         66,4200        
60,1000         66,4200         64,3000         60,2000         66,5300        
60,2000         66,5300         64,4000         60,3000         66,6400        
60,3000         66,6400         64,5000         60,4000         66,7500        
60,4000         66,7500         64,6000         60,5000         66,8600        
60,5000         66,8600         64,7000         60,6000         66,9700        
60,6000         66,9700         64,8000         60,7000         67,0800        
60,7000         67,0800         64,9000         60,8000         67,1900        
60,8000         67,1900         65,0000         60,9000         67,3000        
60,9000         67,3000         65,1000         61,0000         67,4100        
61,0000         67,4100         65,2000         61,1000         67,5200        
61,1000         67,5200         65,3000         61,2000         67,6300        
61,2000         67,6300         65,4000         61,3000         67,7400        
61,3000         67,7400         65,5000         61,4000         67,8500        
61,4000         67,8500         65,6000         61,5000         67,9600        
61,5000         67,9600         65,7000         61,6000         68,0700        
61,6000         68,0700         65,8000         61,7000         68,1800        
61,7000         68,1800         65,9000         61,8000         68,2900        
61,8000         68,2900         66,0000         61,9000         68,4000        
61,9000         68,4000         66,1000         62,0000         68,5100        
62,0000         68,5100         66,2000         62,1000         68,6200        
62,1000         68,6200         66,3000         62,2000         68,7300        
62,2000         68,7300         66,4000         62,3000         68,8400        
62,3000         68,8400         66,5000         62,4000         68,9500        
62,4000         68,9500         66,6000         62,5000         69,0600        
62,5000         69,0600         66,7000         62,6000         69,1700        
62,6000         69,1700         66,8000         62,7000         69,2800        
62,7000         69,2800         66,9000         62,8000         69,3900        
62,8000         69,3900         67,0000         62,9000         69,5000        
62,9000         69,5000         67,1000         63,0000         69,6100        
63,0000         69,6100         67,2000         63,1000         69,7200        
63,1000         69,7200         67,3000         63,2000         69,8300        
63,2000         69,8300         67,4000         63,3000         69,9400        
63,3000         69,9400         67,5000         63,4000         70,0500        
63,4000         70,0500         67,6000         63,5000         70,1600        
63,5000         70,1600         67,7000         63,6000         70,2700        
63,6000         70,2700         67,8000         63,7000         70,3800        
63,7000         70,3800         67,9000         63,8000         70,4900        
63,8000         70,4900         68,0000         63,9000         70,6000        
63,9000         70,6000         68,1000         64,0000         70,7100        
64,0000         70,7100         68,2000         64,1000         70,8200        
64,1000         70,8200         68,3000         64,2000         70,9300        
64,2000         70,9300         68,4000         64,3000         71,0400        
64,3000         71,0400         68,5000         64,4000         71,1500        
64,4000         71,1500         68,6000         64,5000         71,2600        
64,5000         71,2600         68,7000         64,6000         71,3700        
64,6000         71,3700         68,8000         64,7000         71,4800        
64,7000         71,4800         68,9000         64,8000         71,5900        
64,8000         71,5900         69,0000         64,9000         71,7000        
64,9000         71,7000         69,1000         65,0000         71,8100        
65,0000         71,8100         69,2000         65,1000         71,9200        
65,1000         71,9200         69,3000         65,2000         72,0300        
65,2000         72,0300         69,4000         65,3000         72,1400        
65,3000         72,1400         69,5000         65,4000         72,2500        
65,4000         72,2500         69,6000         65,5000         72,3600        
65,5000         72,3600         69,7000         65,6000         72,4700        
65,6000         72,4700         69,8000         65,7000         72,5800        
65,7000         72,5800         69,9000         65,8000         72,6900        
65,8000         72,6900         70,0000         65,9000         72,8000        
65,9000         72,8000         70,1000         66,0000         72,9100        
66,0000         72,9100         70,2000         66,1000         73,0200        
66,1000         73,0200         70,3000         66,2000         73,1300        
66,2000         73,1300         70,4000         66,3000         73,2400        
66,3000         73,2400         70,5000         66,4000         73,3500        
66,4000         73,3500         70,6000         66,5000         73,4600        
66,5000         73,4600         70,7000         66,6000         73,5700        
66,6000         73,5700         70,8000         66,7000         73,6800        
66,7000         73,6800         70,9000         66,8000         73,7900        
66,8000         73,7900         71,0000         66,9000         73,9000        
66,9000         73,9000         71,1000         67,0000         74,0100        
67,0000         74,0100         71,2000         67,1000         74,1200        
67,1000         74,1200         71,3000         67,2000         74,2300        
67,2000         74,2300         71,4000         67,3000         74,3400        
67,3000         74,3400         71,5000         67,4000         74,4500        
67,4000         74,4500         71,6000         67,5000         74,5600        
67,5000         74,5600         71,7000         67,6000         74,6700        
67,6000         74,6700         71,8000         67,7000         74,7800        
67,7000         74,7800         71,9000         67,8000         74,8900        
67,8000         74,8900         72,0000         67,9000         75,0000        
67,9000         75,0000         72,1000         68,0000         75,1100        
68,0000         75,1100         72,2000         68,1000         75,2200        
68,1000         75,2200         72,3000         68,2000         75,3300        
68,2000         75,3300         72,4000         68,3000         75,4400        
68,3000         75,4400         72,5000         68,4000         75,5500        
68,4000         75,5500         72,6000         68,5000         75,6600        
68,5000         75,6600         72,7000         68,6000         75,7700        
68,6000         75,7700         72,8000         68,7000         75,8800        
68,7000         75,8800         72,9000         68,8000         75,9900        
68,8000         75,9900         73,0000         68,9000         76,1000        
68,9000         76,1000         73,1000         69,0000         76,2100        
69,0000         76,2100         73,2000         69,1000         76,3200        
69,1000         76,3200         73,3000         69,2000         76,4300        
69,2000         76,4300         73,4000         69,3000         76,5400        
69,3000         76,5400         73,5000         69,4000         76,6500        
69,4000         76,6500         73,6000         69,5000         76,7600        
69,5000         76,7600         73,7000         69,6000         76,8700        
69,6000         76,8700         73,8000         69,7000         76,9800        
69,7000         76,9800         73,9000         69,8000         77,0900        
69,8000         77,0900         74,0000         69,9000         77,2000        
69,9000         77,2000         74,1000         70,0000         77,3100        
70,0000         77,3100         74,2000         70,1000         77,4200        
70,1000         77,4200         74,3000         70,2000         77,5300        
70,2000         77,5300         74,4000         70,3000         77,6400        
70,3000         77,6400         74,5000         70,4000         77,7500        
70,4000         77,7500         74,6000         70,5000         77,8600        
70,5000         77,8600         74,7000         70,6000         77,9700        
70,6000         77,9700         74,8000         70,7000         78,0800        
70,7000         78,0800         74,9000         70,8000         78,1900        
70,8000         78,1900         75,0000         70,9000         78,3000        
70,9000         78,3000         75,1000         71,0000         78,4100        
71,0000         78,4100         75,2000         71,1000         78,5200        
71,1000         78,5200         75,3000         71,2000         78,6300        
71,2000         78,6300         75,4000         71,3000         78,7400        
71,3000         78,7400         75,5000         71,4000         78,8500        
71,4000         78,8500         75,6000         71,5000         78,9600        
71,5000         78,9600         75,7000         71,6000         79,0700        
71,6000         79,0700         75,8000         71,7000         79,1800        
71,7000         79,1800         75,9000         71,8000         79,2900        
71,8000         79,2900         76,0000         71,9000         79,4000        
71,9000         79,4000         76,1000         72,0000         79,5100        
72,0000         79,5100         76,2000         72,1000         79,6200        
72,1000         79,6200         76,3000         72,2000         79,7300        
72,2000         79,7300         76,4000         72,3000         79,8400        
72,3000         79,8400         76,5000         72,4000         79,9500        
72,4000         79,9500         76,6000         72,5000         80,0600        
72,5000         80,0600         76,7000         72,6000         80,1700        
72,6000         80,1700         76,8000         72,7000         80,2800        
72,7000         80,2800         76,9000         72,8000         80,3900        
72,8000         80,3900         77,0000         72,9000         80,5000        
72,9000         80,5000         77,1000         73,0000         80,6100        
73,0000         80,6100         77,2000         73,1000         80,7200        
73,1000         80,7200         77,3000         73,2000         80,8300        
73,2000         80,8300         77,4000         73,3000         80,9400        
73,3000         80,9400         77,5000         73,4000         81,0500        
73,4000         81,0500         77,6000         73,5000         81,1600        
73,5000         81,1600         77,7000         73,6000         81,2700        
73,6000         81,2700         77,8000         73,7000         81,3800        
73,7000         81,3800         77,9000         73,8000         81,4900        
73,8000         81,4900         78,0000         73,9000         81,6000        
73,9000         81,6000         78,1000         74,0000         81,7100        
74,0000         81,7100         78,2000         74,1000         81,8200        
74,1000         81,8200         78,3000         74,2000         81,9300        
74,2000         81,9300         78,4000         74,3000         82,0400        
74,3000         82,0400         78,5000         74,4000         82,1500        
74,4000         82,1500         78,6000         74,5000         82,2600        
74,5000         82,2600         78,7000         74,6000         82,3700        
74,6000         82,3700         78,8000         74,7000         82,4800        
74,7000         82,4800         78,9000         74,8000         82,5900        
74,8000         82,5900         79,0000         74,9000         82,7000        
74,9000         82,7000         79,1000         75,0000         82,8100        
75,0000         82,8100         79,2000         75,1000         82,9200        
75,1000         82,9200         79,3000         75,2000         83,0300        
75,2000         83,0300         79,4000         75,3000         83,1400        
75,3000         83,1400         79,5000         75,4000         83,2500        
75,4000         83,2500         79,6000         75,5000         83,3600        
75,5000         83,3600         79,7000         75,6000         83,4700        
75,6000         83,4700         79,8000         75,7000         83,5800        
75,7000         83,5800         79,9000         75,8000         83,6900        
75,8000         83,6900         80,0000         75,9000         83,8000        
75,9000         83,8000         80,1000         76,0000         83,9100        
76,0000         83,9100         80,2000         76,1000         84,0200        
76,1000         84,0200         80,3000         76,2000         84,1300        
76,2000         84,1300         80,4000         76,3000         84,2400        
76,3000         84,2400         80,5000         76,4000         84,3500        
76,4000         84,3500         80,6000         76,5000         84,4600        
76,5000         84,4600         80,7000         76,6000         84,5700        
76,6000         84,5700         80,8000         76,7000         84,6800        
76,7000         84,6800         80,9000         76,8000         84,7900        
76,8000         84,7900         81,0000         76,9000         84,9000        
76,9000         84,9000         81,1000         77,0000         85,0100        
77,0000         85,0100         81,2000         77,1000         85,1200        
77,1000         85,1200         81,3000         77,2000         85,2300        
77,2000         85,2300         81,4000         77,3000         85,3400        
77,3000         85,3400         81,5000         77,4000         85,4500        
77,4000         85,4500         81,6000         77,5000         85,5600        
77,5000         85,5600         81,7000         77,6000         85,6700        
77,6000         85,6700         81,8000         77,7000         85,7800        
77,7000         85,7800         81,9000         77,8000         85,8900        
77,8000         85,8900         82,0000         77,9000         86,0000        
77,9000         86,0000         82,1000         78,0000         86,1100        
78,0000         86,1100         82,2000         78,1000         86,2200        
78,1000         86,2200         82,3000         78,2000         86,3300        
78,2000         86,3300         82,4000         78,3000         86,4400        
78,3000         86,4400         82,5000         78,4000         86,5500        
78,4000         86,5500         82,6000         78,5000         86,6600        
78,5000         86,6600         82,7000         78,6000         86,7700        
78,6000         86,7700         82,8000         78,7000         86,8800        
78,7000         86,8800         82,9000         78,8000         86,9900        
78,8000         86,9900         83,0000         78,9000         87,1000        
78,9000         87,1000         83,1000         79,0000         87,2100        
79,0000         87,2100         83,2000         79,1000         87,3200        
79,1000         87,3200         83,3000         79,2000         87,4300        
79,2000         87,4300         83,4000         79,3000         87,5400        
79,3000         87,5400         83,5000         79,4000         87,6500        
79,4000         87,6500         83,6000         79,5000         87,7600        
79,5000         87,7600         83,7000         79,6000         87,8700        
79,6000         87,8700         83,8000         79,7000         87,9800        
79,7000         87,9800         83,9000         79,8000         88,0900        
79,8000         88,0900         84,0000         79,9000         88,2000        
79,9000         88,2000         84,1000         80,0000         88,3100        
80,0000         88,3100         84,2000         80,1000         88,4200        
80,1000         88,4200         84,3000         80,2000         88,5300        
80,2000         88,5300         84,4000         80,3000         88,6400        
80,3000         88,6400         84,5000         80,4000         88,7500        
80,4000         88,7500         84,6000         80,5000         88,8600        
80,5000         88,8600         84,7000         80,6000         88,9700        
80,6000         88,9700         84,8000         80,7000         89,0800        
80,7000         89,0800         84,9000         80,8000         89,1900        
80,8000         89,1900         85,0000         80,9000         89,3000        
80,9000         89,3000         85,1000         81,0000         89,4100        
81,0000         89,4100         85,2000         81,1000         89,5200        
81,1000         89,5200         85,3000         81,2000         89,6300        
81,2000         89,6300         85,4000         81,3000         89,7400        
81,3000         89,7400         85,5000         81,4000         89,8500        
81,4000         89,8500         85,6000         81,5000         89,9600        
81,5000         89,9600         85,7000         81,6000         90,0700        
81,6000         90,0700         85,8000         81,7000         90,1800        
81,7000         90,1800         85,9000         81,8000         90,2900        
81,8000         90,2900         86,0000         81,9000         90,4000        
81,9000         90,4000         86,1000         82,0000         90,5100        
82,0000         90,5100         86,2000         82,1000         90,6200        
82,1000         90,6200         86,3000         82,2000         90,7300        
82,2000         90,7300         86,4000         82,3000         90,8400        
82,3000         90,8400         86,5000         82,4000         90,9500        
82,4000         90,9500         86,6000         82,5000         91,0600        
82,5000         91,0600         86,7000         82,6000         91,1700        
82,6000         91,1700         86,8000         82,7000         91,2800        
82,7000         91,2800         86,9000         82,8000         91,3900        
82,8000         91,3900         87,0000         82,9000         91,5000        
82,9000         91,5000         87,1000         83,0000         91,6100        
83,0000         91,6100         87,2000         83,1000         91,7200        
83,1000         91,7200         87,3000         83,2000         91,8300        
83,2000         91,8300         87,4000         83,3000         91,9400        
83,3000         91,9400         87,5000         83,4000         92,0500        
83,4000         92,0500         87,6000         83,5000         92,1600        
83,5000         92,1600         87,7000         83,6000         92,2700        
83,6000         92,2700         87,8000         83,7000         92,3800        
83,7000         92,3800         87,9000         83,8000         92,4900        
83,8000         92,4900         88,0000         83,9000         92,6000        
83,9000         92,6000         88,1000         84,0000         92,7100        
84,0000         92,7100         88,2000         84,1000         92,8200        
84,1000         92,8200         88,3000         84,2000         92,9300        
84,2000         92,9300         88,4000         84,3000         93,0400        
84,3000         93,0400         88,5000         84,4000         93,1500        
84,4000         93,1500         88,6000         84,5000         93,2600        
84,5000         93,2600         88,7000         84,6000         93,3700        
84,6000         93,3700         88,8000         84,7000         93,4800        
84,7000         93,4800         88,9000         84,8000         93,5900        
84,8000         93,5900         89,0000         84,9000         93,7000        
84,9000         93,7000         89,1000         85,0000         93,8100        
85,0000         93,8100         89,2000         85,1000         93,9200        
85,1000         93,9200         89,3000         85,2000         94,0300        
85,2000         94,0300         89,4000         85,3000         94,1400        
85,3000         94,1400         89,5000         85,4000         94,2500        
85,4000         94,2500         89,6000         85,5000         94,3600        
85,5000         94,3600         89,7000         85,6000         94,4700        
85,6000         94,4700         89,8000         85,7000         94,5800        
85,7000         94,5800         89,9000         85,8000         94,6900        
85,8000         94,6900         90,0000         85,9000         94,8000        
85,9000         94,8000         90,1000         86,0000         94,9100        
86,0000         94,9100         90,2000         86,1000         95,0200        
86,1000         95,0200         90,3000         86,2000         95,1300        
86,2000         95,1300         90,4000         86,3000         95,2400        
86,3000         95,2400         90,5000         86,4000         95,3500        
86,4000         95,3500         90,6000         86,5000         95,4600        
86,5000         95,4600         90,7000         86,6000         95,5700        
86,6000         95,5700         90,8000         86,7000         95,6800        
86,7000         95,6800         90,9000         86,8000         95,7900        
86,8000         95,7900         91,0000         86,9000         95,9000        
86,9000         95,9000         91,1000         87,0000         96,0100        
87,0000         96,0100         91,2000         87,1000         96,1200        
87,1000         96,1200         91,3000         87,2000         96,2300        
87,2000         96,2300         91,4000         87,3000         96,3400        
87,3000         96,3400         91,5000         87,4000         96,4500        
87,4000         96,4500         91,6000         87,5000         96,5600        
87,5000         96,5600         91,7000         87,6000         96,6700        
87,6000         96,6700         91,8000         87,7000         96,7800        
87,7000         96,7800         91,9000         87,8000         96,8900        
87,8000         96,8900         92,0000         87,9000         97,0000        
87,9000         97,0000         92,1000         88,0000         97,1100        
88,0000         97,1100         92,2000         88,1000         97,2200        
88,1000         97,2200         92,3000         88,2000         97,3300        
88,2000         97,3300         92,4000         88,3000         97,4400        
88,3000         97,4400         92,5000         88,4000         97,5500        
88,4000         97,5500         92,6000         88,5000         97,6600        
88,5000         97,6600         92,7000         88,6000         97,7700        
88,6000         97,7700         92,8000         88,7000         97,8800        
88,7000         97,8800         92,9000         88,8000         97,9900        
88,8000         97,9900         93,0000         88,9000         98,1000        
88,9000         98,1000         93,1000         89,0000         98,2100        
89,0000         98,2100         93,2000         89,1000         98,3200        
89,1000         98,3200         93,3000         89,2000         98,4300        
89,2000         98,4300         93,4000         89,3000         98,5400        
89,3000         98,5400         93,5000         89,4000         98,6500        
89,4000         98,6500         93,6000         89,5000         98,7600        
89,5000         98,7600         93,7000         89,6000         98,8700        
89,6000         98,8700         93,8000         89,7000         98,9800        
89,7000         98,9800         93,9000         89,8000         99,0900        
89,8000         99,0900         94,0000         89,9000         99,2000        
89,9000         99,2000         94,1000         90,0000         99,3100        
90,0000         99,3100         94,2000         90,1000         99,4200        
90,1000         99,4200         94,3000         90,2000         99,5300        
90,2000         99,5300         94,4000         90,3000         99,6400        
90,3000         99,6400         94,5000         90,4000         99,7500        
90,4000         99,7500         94,6000         90,5000         99,8600        
90,5000         99,8600         94,7000         90,6000         99,9700        
90,6000         99,9700         94,8000         90,7000         100,0800       
90,7000         100,0800        94,9000         90,8000         100,1900       
